# t                  norm_latt             t                  norm_cont
  0.00000000              0.0000000000000000000	        0.00000000    0.00237471524161729
  3.125000000000000E-002  1.762636394092456E-004	0.03125   0.0023746192273567627054   
  6.250000000000000E-002  5.085167654758928E-004	0.0625   0.0023744980279961069807   
  9.375000000000000E-002  8.454070982730153E-004	0.09375   0.0023742513909914981141   
  0.125000000000000       1.136039931929265E-003	0.125   0.0023738942899838624893   
  0.156250000000000       1.370419330902823E-003	0.15625   0.0023734329903361680612   
  0.187500000000000       1.553576196542355E-003	0.1875   0.0023728688590700332916   
  0.218750000000000       1.694736351527524E-003	0.21875   0.0023722021166614247151   
  0.250000000000000       1.803105110818536E-003	0.25   0.0023714327934534854187   
  0.281250000000000       1.886481641148381E-003	0.28125   0.0023705608932413468177   
  0.312500000000000       1.951019917606544E-003	0.3125   0.0023695864164703237196   
  0.343750000000000       2.001404252534830E-003	0.34375   0.0023685093631903347006   
  0.375000000000000       2.041133822317721E-003	0.375   0.0023673297334067865111   
  0.406250000000000       2.072798594709760E-003	0.40625   0.0023660475271202492844   
  0.437500000000000       2.098309338359315E-003	0.4375   0.0023646627443307818622   
  0.468750000000000       2.119076675881719E-003	0.46875   0.0023631753850383902120   
  0.500000000000000       2.136145551086202E-003	0.5   0.0023615854492430749369   
  0.531250000000000       2.150294222116707E-003	0.53125   0.0023598929369448361740   
  0.562500000000000       2.162106348396564E-003	0.5625   0.0023580978481436745778   
  0.593750000000000       2.172023202077572E-003	0.59375   0.0023562001828395943700   
  0.625000000000000       2.180381416068253E-003	0.625   0.0023541999410326178671   
  0.656250000000000       2.187440293432372E-003	0.65625   0.0023520971227228438358   
  0.687500000000000       2.193401612819466E-003	0.6875   0.0023498917279106473258   
  0.718750000000000       2.198424045594690E-003	0.71875   0.0023475837565972755546   
  0.750000000000000       2.202633700547516E-003	0.75   0.0023451732087864233948   
  0.781250000000000       2.206131879238475E-003	0.78125   0.0023426600844879834824   
  0.812500000000000       2.209000815414606E-003	0.8125   0.0023400443837261868904   
  0.843750000000000       2.211307951394349E-003	0.84375   0.0023373261065558975257   
  0.875000000000000       2.213109147566483E-003	0.875   0.0023345052530929689967   
  0.906250000000000       2.214451109718243E-003	0.90625   0.0023315818235673105505   
  0.937500000000000       2.215373239578252E-003	0.9375   0.0023285558184105322650   
  0.968750000000000       2.215909057396991E-003	0.96875   0.0023254272383935384369   
   1.00000000000000       2.216087304893022E-003	1.   0.0023221960848329143728   
   1.03125000000000       2.215932807822599E-003	1.03125   0.0023188623598880551457   
   1.06250000000000       2.215467156490145E-003	1.0625   0.0023154260669733567149   
   1.09375000000000       2.214709247332109E-003	1.09375   0.0023118872113111093404   
   1.12500000000000       2.213675717686998E-003	1.125   0.0023082458006507569775   
   1.15625000000000       2.212381297794329E-003	1.15625   0.0023045018461787754768   
   1.18750000000000       2.210839098147444E-003	1.1875   0.0023006553636405551224   
   1.21875000000000       2.209060845948809E-003	1.21875   0.0022967063746914422945   
   1.25000000000000       2.207057081170236E-003	1.25   0.0022926549084886940538   
   1.28125000000000       2.204837320306580E-003	1.28125   0.0022885010035297984520   
   1.31250000000000       2.202410194058687E-003	1.3125   0.0022842447097357319268   
   1.34375000000000       2.199783563854650E-003	1.34375   0.0022798860907706034964   
   1.37500000000000       2.196964621024846E-003	1.375   0.0022754252265821083533   
   1.40625000000000       2.193959971674504E-003	1.40625   0.0022708622161405880475   
   1.43750000000000       2.190775709673732E-003	1.4375   0.0022661971803485339857   
   1.46875000000000       2.187417479703803E-003	1.46875   0.0022614302650872841179   
   1.50000000000000       2.183890531934700E-003	1.5   0.0022565616443635984793   
   1.53125000000000       2.180199769604087E-003	1.53125   0.0022515915235158467961   
   1.56250000000000       2.176349790557398E-003	1.5625   0.0022465201424377333878   
   1.59375000000000       2.172344923593547E-003	1.59375   0.0022413477787768036964   
   1.62500000000000       2.168189260357170E-003	1.625   0.0022360747510653635014   
   1.65625000000000       2.163886683354189E-003	1.65625   0.0022307014217428035728   
   1.68750000000000       2.159440890610665E-003	1.6875   0.0022252282000305423259   
   1.71875000000000       2.154855417388552E-003	1.71875   0.0022196555446237444683   
   1.75000000000000       2.150133655328775E-003	1.75   0.0022139839661675042375   
   1.78125000000000       2.145278869325137E-003	1.78125   0.0022082140294891558698   
   1.81250000000000       2.140294212400696E-003	1.8125   0.0022023463555626538327   
   1.84375000000000       2.135182738806448E-003	1.84375   0.0021963816231854218816   
   1.87500000000000       2.129947415555837E-003	1.875   0.0021903205703525854372   
   1.90625000000000       2.124591132553764E-003	1.90625   0.0021841639953179719429   
   1.93750000000000       2.119116711486034E-003	1.9375   0.0021779127573355992288   
   1.96875000000000       2.113526913592519E-003	1.96875   0.0021715677770794980635   
   2.00000000000000       2.107824446449199E-003	2.   0.0021651300367435724296   
   2.03125000000000       2.102011969862785E-003	2.03125   0.0021586005798267442186   
   2.06250000000000       2.096092100969474E-003	2.0625   0.0021519805106118257426   
   2.09375000000000       2.090067418623364E-003	2.09375   0.0021452709933493933528   
   2.12500000000000       2.083940467150394E-003	2.125   0.0021384732511603886773   
   2.15625000000000       2.077713759530799E-003	2.15625   0.0021315885646732497804   
   2.18750000000000       2.071389780076945E-003	2.1875   0.0021246182704130797532   
   2.21875000000000       2.064970986655458E-003	2.21875   0.0021175637589617080016   
   2.25000000000000       2.058459812508524E-003	2.25   0.0021104264729085078783   
   2.28125000000000       2.051858667713633E-003	2.28125   0.0021032079046125251812   
   2.31250000000000       2.045169940328189E-003	2.3125   0.0020959095937968699694   
   2.34375000000000       2.038395997251404E-003	2.34375   0.0020885331249964554855   
   2.37500000000000       2.031539184841032E-003	2.375   0.0020810801248800600098   
   2.40625000000000       2.024601829311691E-003	2.40625   0.0020735522594673677958   
   2.43750000000000       2.017586236946583E-003	2.4375   0.0020659512312611411217   
   2.46875000000000       2.010494694143383E-003	2.46875   0.0020582787763140134749   
   2.50000000000000       2.003329467324374E-003	2.5   0.0020505366612485993551   
   2.53125000000000       1.996092802721583E-003	2.53125   0.0020427266802487131698   
   2.56250000000000       1.988786926067185E-003	2.5625   0.0020348506520385005973   
   2.59375000000000       1.981414042197651E-003	2.59375   0.0020269104168652313131   
   2.62500000000000       1.973976334591236E-003	2.625   0.0020189078335004009954   
   2.65625000000000       1.966475964852856E-003	2.65625   0.0020108447762726600977   
   2.68750000000000       1.958915072158645E-003	2.6875   0.0020027231321449422381   
   2.71875000000000       1.951295772669270E-003	2.71875   0.0019945447978470196527   
   2.75000000000000       1.943620158927296E-003	2.75   0.0019863116770735787300   
   2.78125000000000       1.935890299241760E-003	2.78125   0.0019780256777567952819   
   2.81250000000000       1.928108237073785E-003	2.8125   0.0019696887094213054822   
   2.84375000000000       1.920275990425572E-003	2.84375   0.0019613026806284214413   
   2.87500000000000       1.912395551241528E-003	2.875   0.0019528694965154360101   
   2.90625000000000       1.904468884827905E-003	2.90625   0.0019443910564349042064   
   2.93750000000000       1.896497929292108E-003	2.9375   0.0019358692516978821684   
   2.96875000000000       1.888484595010929E-003	2.96875   0.0019273059634242512783   
   3.00000000000000       1.880430764124788E-003	3.   0.0019187030605024567342   
   3.03125000000000       1.872338290068347E-003	3.03125   0.0019100623976602472721   
   3.06250000000000       1.864208997132131E-003	3.0625   0.0019013858136473161641   
   3.09375000000000       1.856044680063553E-003	3.09375   0.0018926751295301126936   
   3.12500000000000       1.847847103704712E-003	3.125   0.0018839321470985171652   
   3.15625000000000       1.839618002669267E-003	3.15625   0.0018751586473835498874   
   3.18750000000000       1.831359081060379E-003	3.1875   0.0018663563892848138369   
   3.21875000000000       1.823072012226907E-003	3.21875   0.0018575271083059499915   
   3.25000000000000       1.814758438562373E-003	3.25   0.0018486725153960114722   
   3.28125000000000       1.806419971342289E-003	3.28125   0.0018397942958943353858   
   3.31250000000000       1.798058190601561E-003	3.3125   0.0018308941085762071892   
   3.34375000000000       1.789674645052377E-003	3.34375   0.0018219735847963690181   
   3.37500000000000       1.781270852038243E-003	3.375   0.0018130343277272181941   
   3.40625000000000       1.772848297528270E-003	3.40625   0.0018040779116883724967   
   3.43750000000000       1.764408436145661E-003	3.4375   0.0017951058815641422155   
   3.46875000000000       1.755952691232355E-003	3.46875   0.0017861197523053429793   
   3.50000000000000       1.747482454947898E-003	3.5   0.0017771210085118054397   
   3.53125000000000       1.738999088400913E-003	3.53125   0.0017681111040918856777   
   3.56250000000000       1.730503921811119E-003	3.5625   0.0017590914619952514138   
   3.59375000000000       1.721998254701731E-003	3.59375   0.0017500634740152115003   
   3.62500000000000       1.713483356120636E-003	3.625   0.0017410285006568676741   
   3.65625000000000       1.704960464886915E-003	3.65625   0.0017319878710673961167   
   3.68750000000000       1.696430789864053E-003	3.6875   0.0017229428830248101215   
   3.71875000000000       1.687895510255693E-003	3.71875   0.0017138948029816123082   
   3.75000000000000       1.679355775924292E-003	3.75   0.0017048448661598136732   
   3.78125000000000       1.670812707729721E-003	3.78125   0.0016957942766938757598   
   3.81250000000000       1.662267397887671E-003	3.8125   0.0016867442078182199005   
   3.84375000000000       1.653720910344446E-003	3.84375   0.0016776958020960424908   
   3.87500000000000       1.645174281169360E-003	3.875   0.0016686501716862763335   
   3.90625000000000       1.636628518960553E-003	3.90625   0.0016596083986456441098   
   3.93750000000000       1.628084605264623E-003	3.9375   0.0016505715352628599309   
   3.96875000000000       1.619543495007719E-003	3.96875   0.0016415406044221477441   
   4.00000000000000       1.611006116938010E-003	4.   0.0016325165999933602396   
   4.03125000000000       1.602473374076579E-003	4.03125   0.0016235004872460980474   
   4.06250000000000       1.593946144176775E-003	4.0625   0.0016144932032853457113   
   4.09375000000000       1.585425280190557E-003	4.09375   0.0016054956575062575535   
   4.12500000000000       1.576911610740210E-003	4.125   0.0015965087320658425353   
   4.15625000000000       1.568405940595132E-003	4.15625   0.0015875332823694120764   
   4.18750000000000       1.559909051152060E-003	4.1875   0.0015785701375697680790   
   4.21875000000000       1.551421700917889E-003	4.21875   0.0015696201010772197418   
   4.25000000000000       1.542944625994087E-003	4.25   0.0015606839510786268023   
   4.28125000000000       1.534478540562836E-003	4.28125   0.0015517624410637733444   
   4.31250000000000       1.526024137371574E-003	4.3125   0.0015428563003574800071   
   4.34375000000000       1.517582088218621E-003	4.34375   0.0015339662346559631422   
   4.37500000000000       1.509153044435259E-003	4.375   0.0015250929265660470265   
   4.40625000000000       1.500737637367802E-003	4.40625   0.0015162370361459295184   
   4.43750000000000       1.492336478854866E-003	4.4375   0.0015073992014462924651   
   4.46875000000000       1.483950161702608E-003	4.46875   0.0014985800390506356402   
   4.50000000000000       1.475579260154851E-003	4.5   0.0014897801446137969885   
   4.53125000000000       1.467224330359606E-003	4.53125   0.0014810000933977024497   
   4.56250000000000       1.458885910830088E-003	4.5625   0.0014722404408034656216   
   4.59375000000000       1.450564522900300E-003	4.59375   0.0014635017228990310317   
   4.62500000000000       1.442260671175067E-003	4.625   0.0014547844569416248275   
   4.65625000000000       1.433974843973540E-003	4.65625   0.0014460891418943433418   
   4.68750000000000       1.425707513766534E-003	4.6875   0.0014374162589362732609   
   4.71875000000000       1.417459137606716E-003	4.71875   0.0014287662719655971234   
   4.75000000000000       1.409230157551869E-003	4.75   0.0014201396280951946492   
   4.78125000000000       1.401021001081010E-003	4.78125   0.0014115367581403040416   
   4.81250000000000       1.392832081502588E-003	4.8125   0.0014029580770978580037   
   4.84375000000000       1.384663798355426E-003	4.84375   0.0013944039846171568471   
   4.87500000000000       1.376516537801491E-003	4.875   0.0013858748654615858576   
   4.90625000000000       1.368390673010912E-003	4.90625   0.0013773710899611260990   
   4.93750000000000       1.360286564538828E-003	4.9375   0.0013688930144554472008   
   4.96875000000000       1.352204560694111E-003	4.96875   0.0013604409817274074738   
   5.00000000000000       1.344144997899844E-003	5.   0.0013520153214268210451   
   5.03125000000000       1.336108201045443E-003	5.03125   0.0013436163504843836938   
   5.06250000000000       1.328094483830936E-003	5.0625   0.0013352443735156788068   
   5.09375000000000       1.320104149102311E-003	5.09375   0.0013268996832152124597   
   5.12500000000000       1.312137489178944E-003	5.125   0.0013185825607404521634   
   5.15625000000000       1.304194786173035E-003	5.15625   0.0013102932760858673948   
   5.18750000000000       1.296276312300053E-003	5.1875   0.0013020320884469917524   
   5.21875000000000       1.288382330181838E-003	5.21875   0.0012937992465745465330   
   5.25000000000000       1.280513093141099E-003	5.25   0.0012855949891186838099   
   5.28125000000000       1.272668845487935E-003	5.28125   0.0012774195449634237922   
   5.31250000000000       1.264849822798554E-003	5.3125   0.0012692731335513764447   
   5.34375000000000       1.257056252185860E-003	5.34375   0.0012611559651988511371   
   5.37500000000000       1.249288352562630E-003	5.375   0.0012530682414014705402   
   5.40625000000000       1.241546334896682E-003	5.40625   0.0012450101551304161894   
   5.43750000000000       1.233830402458602E-003	5.4375   0.0012369818911194431455   
   5.46875000000000       1.226140751062126E-003	5.46875   0.0012289836261428100955   
   5.50000000000000       1.218477569296950E-003	5.5   0.0012210155292842790988   
   5.53125000000000       1.210841038754817E-003	5.53125   0.0012130777621973460800   
   5.56250000000000       1.203231334247827E-003	5.5625   0.0012051704793568691500   
   5.59375000000000       1.195648624020593E-003	5.59375   0.0011972938283022669697   
   5.62500000000000       1.188093069955038E-003	5.625   0.0011894479498724637119   
   5.65625000000000       1.180564827768832E-003	5.65625   0.0011816329784327607752   
   5.68750000000000       1.173064047207371E-003	5.6875   0.0011738490420938183232   
   5.71875000000000       1.165590872228871E-003	5.71875   0.0011660962629229320009   
   5.75000000000000       1.158145441184183E-003	5.75   0.0011583747571477918721   
   5.78125000000000       1.150727886989458E-003	5.78125   0.0011506846353529117691   
   5.81250000000000       1.143338337293879E-003	5.8125   0.0011430260026689178899   
   5.84375000000000       1.135976914640980E-003	5.84375   0.0011353989589548856638   
   5.87500000000000       1.128643736624393E-003	5.875   0.0011278035989739136623   
   5.90625000000000       1.121338916038476E-003	5.90625   0.0011202400125621227049   
   5.93750000000000       1.114062561023306E-003	5.9375   0.0011127082847912673216   
   5.96875000000000       1.106814775204429E-003	5.96875   0.0011052084961251454295   
   6.00000000000000       1.099595657827845E-003	6.   0.0010977407225699904733   
   6.03125000000000       1.092405303889930E-003	6.03125   0.0010903050358190284155   
   6.06250000000000       1.085243804262369E-003	6.0625   0.0010829015033913798519   
   6.09375000000000       1.078111245812966E-003	6.09375   0.0010755301887654852044   
   6.12500000000000       1.071007711521671E-003	6.125   0.0010681911515072284283   
   6.15625000000000       1.063933280592139E-003	6.15625   0.0010608844473929319843   
   6.18750000000000       1.056888028559371E-003	6.1875   0.0010536101285273929875   
   6.21875000000000       1.049872027393034E-003	6.21875   0.0010463682434571274785   
   6.25000000000000       1.042885345597164E-003	6.25   0.0010391588372789866736   
   6.28125000000000       1.035928048305456E-003	6.28125   0.0010319819517443058741   
   6.31250000000000       1.029000197373684E-003	6.3125   0.0010248376253587434430   
   6.34375000000000       1.022101851467736E-003	6.34375   0.0010177258934779639275   
   6.37500000000000       1.015233066148636E-003	6.375   0.0010106467883993160100   
   6.40625000000000       1.008393893954488E-003	6.40625   0.0010036003394496525359   
   6.43750000000000       1.001584384478390E-003	6.4375   0.00099658657306943639755   
   6.46875000000000       9.948045844440901E-004	6.46875   0.00098960551289327255724   
   6.50000000000000       9.880545377781891E-004	6.5   0.00098265717982700299080   
   6.53125000000000       9.813342856796665E-004	6.53125   0.00097574159212149781557   
   6.56250000000000       9.746438666864009E-004	6.5625   0.00096885876544327236086   
   6.59375000000000       9.679833167393646E-004	6.59375   0.00096200871294205643745   
   6.62500000000000       9.613526692438663E-004	6.625   0.00095519144531543857973   
   6.65625000000000       9.547519551286468E-004	6.65625   0.00094840697087070457324   
   6.68750000000000       9.481812029024110E-004	6.6875   0.00094165529558398614667   
   6.71875000000000       9.416404387081068E-004	6.71875   0.00093493642315683230731   
   6.75000000000000       9.351296863750940E-004	6.75   0.00092825035507031243508   
   6.78125000000000       9.286489674690929E-004	6.78125   0.00092159709063675692801   
   6.81250000000000       9.221983013402165E-004	6.8125   0.00091497662704923791409   
   6.84375000000000       9.157777051689617E-004	6.84375   0.00090838895942888931445   
   6.87500000000000       9.093871940104639E-004	6.875   0.00090183408087016236284   
   6.90625000000000       9.030267808368462E-004	6.90625   0.00089531198248410956009   
   6.93750000000000       8.966964765781204E-004	6.9375   0.00088882265343978697006   
   6.96875000000000       8.903962901609459E-004	6.96875   0.00088236608100386174904   
   7.00000000000000       8.841262285464941E-004	7.   0.00087594225057850884376   
   7.03125000000000       8.778862967662833E-004	7.03125   0.00086955114573767789663   
   7.06250000000000       8.716764979569022E-004	7.0625   0.00086319274826180856024   
   7.09375000000000       8.654968333932126E-004	7.09375   0.00085686703817106964891   
   7.12500000000000       8.593473025203717E-004	7.125   0.00085057399375719484247   
   7.15625000000000       8.532279029845589E-004	7.15625   0.00084431359161398500743   
   7.18750000000000       8.471386306624712E-004	7.1875   0.00083808580666654461423   
   7.21875000000000       8.410794796898625E-004	7.21875   0.00083189061219931720491   
   7.25000000000000       8.350504424889033E-004	7.25   0.00082572797988298240506   
   7.28125000000000       8.290515097944381E-004	7.28125   0.00081959787980027457564   
   7.31250000000000       8.230826706794860E-004	7.3125   0.00081350028047078086527   
   7.34375000000000       8.171439125797223E-004	7.34375   0.00080743514887477415026   
   7.37500000000000       8.112352213170263E-004	7.375   0.00080140245047613413853   
   7.40625000000000       8.053565811223062E-004	7.40625   0.00079540214924440776358   
   7.43750000000000       7.995079746575464E-004	7.4375   0.00078943420767605790536   
   7.46875000000000       7.936893830370350E-004	7.46875   0.00078349858681494744538   
   7.50000000000000       7.879007858479042E-004	7.5   0.00077759524627210369332   
   7.53125000000000       7.821421611701398E-004	7.53125   0.00077172414424480631046   
   7.56250000000000       7.764134855958017E-004	7.5625   0.00076588523753504000097   
   7.59375000000000       7.707147342477680E-004	7.59375   0.00076007848156735144425   
   7.62500000000000       7.650458807977690E-004	7.625   0.00075430383040614819964   
   7.65625000000000       7.594068974842368E-004	7.65625   0.00074856123677247562710   
   7.68750000000000       7.537977551292012E-004	7.6875   0.00074285065206030623410   
   7.71875000000000       7.482184231551291E-004	7.71875   0.00073717202635237427750   
   7.75000000000000       7.426688696011140E-004	7.75   0.00073152530843558692013   
   7.78125000000000       7.371490611386681E-004	7.78125   0.00072591044581604176241   
   7.81250000000000       7.316589630872708E-004	7.8125   0.00072032738473367914029   
   7.84375000000000       7.261985394294107E-004	7.84375   0.00071477607017659619942   
   7.87500000000000       7.207677528254274E-004	7.875   0.00070925644589504842192   
   7.90625000000000       7.153665646278460E-004	7.90625   0.00070376845441516299440   
   7.93750000000000       7.099949348957344E-004	7.9375   0.00069831203705238716349   
   7.96875000000000       7.046528224085179E-004	7.96875   0.00069288713392469352688   
   8.00000000000000       6.993401846796386E-004	8.   0.00068749368396556305216   
   8.03125000000000       6.940569779700957E-004	8.03125   0.00068213162493676550253   
   8.06250000000000       6.888031573015098E-004	8.0625   0.00067680089344095587532   
   8.09375000000000       6.835786764694039E-004	8.09375   0.00067150142493410442649   
   8.12500000000000       6.783834880558126E-004	8.125   0.00066623315373777685987   
   8.15625000000000       6.732175434422011E-004	8.15625   0.00066099601305128030312   
   8.18750000000000       6.680807928218816E-004	8.1875   0.00065578993496368977243   
   8.21875000000000       6.629731852125115E-004	8.21875   0.00065061485046576894338   
   8.25000000000000       6.578946684683171E-004	8.25   0.00064547068946179819564   
   8.28125000000000       6.528451892923959E-004	8.28125   0.00064035738078132208273   
   8.31250000000000       6.478246932486983E-004	8.3125   0.00063527485219082759465   
   8.34375000000000       6.428331247740911E-004	8.34375   0.00063022303040536382906   
   8.37500000000000       6.378704271902755E-004	8.375   0.00062520184110011296566   
   8.40625000000000       6.329365427156434E-004	8.40625   0.00062021120892192174693   
   8.43750000000000       6.280314124770656E-004	8.4375   0.00061525105750080200602   
   8.46875000000000       6.231549765216798E-004	8.46875   0.00061032130946140814829   
   8.50000000000000       6.183071738285220E-004	8.5   0.00060542188643449888552   
   8.53125000000000       6.134879423202610E-004	8.53125   0.00060055270906838994120   
   8.56250000000000       6.086972188748013E-004	8.5625   0.00059571369704040388986   
   8.59375000000000       6.039349393369325E-004	8.59375   0.00059090476906832276232   
   8.62500000000000       5.992010385298641E-004	8.625   0.00058612584292184854261   
   8.65625000000000       5.944954502668622E-004	8.65625   0.00058137683543407619774   
   8.68750000000000       5.898181073627788E-004	8.6875   0.00057665766251298342092   
   8.71875000000000       5.851689416456817E-004	8.71875   0.00057196823915294082832   
   8.75000000000000       5.805478839683406E-004	8.75   0.00056730847944624593124   
   8.78125000000000       5.759548642198807E-004	8.78125   0.00056267829659468380625   
   8.81250000000000       5.713898113373040E-004	8.8125   0.00055807760292111700707   
   8.84375000000000       5.668526533171018E-004	8.84375   0.00055350630988110690137   
   8.87500000000000       5.623433172268550E-004	8.875   0.00054896432807456827335   
   8.90625000000000       5.578617292168578E-004	8.90625   0.00054445156725745870856   
   8.93750000000000       5.534078145316928E-004	8.9375   0.00053996793635350396926   
   8.96875000000000       5.489814975219740E-004	8.96875   0.00053551334346596027735   
   9.00000000000000       5.445827016559464E-004	9.   0.00053108769588941414623   
   9.03125000000000       5.402113495311682E-004	9.03125   0.00052669090012162014209   
   9.06250000000000       5.358673628862904E-004	9.0625   0.00052232286187537670937   
   9.09375000000000       5.315506626126986E-004	9.09375   0.00051798348609043996304   
   9.12500000000000       5.272611687663209E-004	9.125   0.00051367267694547513210   
   9.15625000000000       5.229988005794143E-004	9.15625   0.00050939033787004513312   
   9.18750000000000       5.187634764723337E-004	9.1875   0.00050513637155663556011   
   9.21875000000000       5.145551140653422E-004	9.21875   0.00050091067997271519585   
   9.25000000000000       5.103736301905155E-004	9.25   0.00049671316437283098110   
   9.28125000000000       5.062189409035204E-004	9.28125   0.00049254372531073621954   
   9.31250000000000       5.020909614955953E-004	9.3125   0.00048840226265155064942   
   9.34375000000000       4.979896065053967E-004	9.34375   0.00048428867558395087557   
   9.37500000000000       4.939147897309375E-004	9.375   0.00048020286263238952817   
   9.40625000000000       4.898664242415389E-004	9.40625   0.00047614472166934139732   
   9.43750000000000       4.858444223897826E-004	9.4375   0.00047211414992757468320   
   9.46875000000000       4.818486958235179E-004	9.46875   0.00046811104401244540229   
   9.50000000000000       4.778791554978107E-004	9.5   0.00046413529991421289801   
   9.53125000000000       4.739357116869952E-004	9.53125   0.00046018681302037432070   
   9.56250000000000       4.700182739966613E-004	9.5625   0.00045626547812801586607   
   9.59375000000000       4.661267513756801E-004	9.59375   0.00045237118945617849213   
   9.62500000000000       4.622610521282762E-004	9.625   0.00044850384065823577343   
   9.65625000000000       4.584210839260334E-004	9.65625   0.00044466332483428149612   
   9.68750000000000       4.546067538199421E-004	9.6875   0.00044084953454352454888   
   9.71875000000000       4.508179682524884E-004	9.71875   0.00043706236181668862238   
   9.75000000000000       4.470546330696755E-004	9.75   0.00043330169816841419294   
   9.78125000000000       4.433166535330714E-004	9.78125   0.00042956743460966023543   
   9.81250000000000       4.396039343318656E-004	9.8125   0.00042585946166010308412   
   9.84375000000000       4.359163795949245E-004	9.84375   0.00042217766936052983977   
   9.87500000000000       4.322538929027954E-004	9.875   0.00041852194728522370508   
   9.90625000000000       4.286163772997525E-004	9.90625   0.00041489218455433861922   
   9.93750000000000       4.250037353058249E-004	9.9375   0.00041128826984626055507   
   9.96875000000000       4.214158689287729E-004	9.96875   0.00040771009140995283984   
   10.0000000000000       4.178526796760631E-004	10.   0.00040415753707728286050   
   10.0312500000000       4.143140685668863E-004	10.0313   0.00040063049427532752032   
   10.0625000000000       4.107999361440434E-004	10.0625   0.00039712885003865482065   
   10.0937500000000       4.073101824859165E-004	10.0938   0.00039365249102157895366   
   10.1250000000000       4.038447072183432E-004	10.125   0.00039020130351038630627   
   10.1562500000000       4.004034095264916E-004	10.1563   0.00038677517343552979288   
   10.1875000000000       3.969861881667309E-004	10.1875   0.00038337398638378895504   
   10.2187500000000       3.935929414784064E-004	10.2188   0.00037999762761039328871   
   10.2500000000000       3.902235673956473E-004	10.25   0.00037664598205110628553   
   10.2812500000000       3.868779634591046E-004	10.2813   0.00037331893433426770182   
   10.3125000000000       3.835560268276435E-004	10.3125   0.00037001636879279159903   
   10.3437500000000       3.802576542900374E-004	10.3438   0.00036673816947611773122   
   10.3750000000000       3.769827422765858E-004	10.375   0.00036348422016211388871   
   10.4062500000000       3.737311868706783E-004	10.4063   0.00036025440436892684269   
   10.4375000000000       3.705028838203497E-004	10.4375   0.00035704860536677957255   
   10.4687500000000       3.672977285497793E-004	10.4688   0.00035386670618971249650   
   10.5000000000000       3.641156161706893E-004	10.5   0.00035070858964726646572   
   10.5312500000000       3.609564414937831E-004	10.5313   0.00034757413833610532402   
   10.5625000000000       3.578200990400375E-004	10.5625   0.00034446323465157587707   
   10.5937500000000       3.547064830520046E-004	10.5938   0.00034137576079920315913   
   10.6250000000000       3.516154875050231E-004	10.625   0.00033831159880611892947   
   10.6562500000000       3.485470061183782E-004	10.6563   0.00033527063053242137626   
   10.6875000000000       3.455009323664093E-004	10.6875   0.00033225273768246405198   
   10.7187500000000       3.424771594895409E-004	10.7188   0.00032925780181607211104   
   10.7500000000000       3.394755805052532E-004	10.75   0.00032628570435968396825   
   10.7812500000000       3.364960882189989E-004	10.7813   0.00032333632661741654447   
   10.8125000000000       3.335385752350181E-004	10.8125   0.00032040954978205231477   
   10.8437500000000       3.306029339671460E-004	10.8438   0.00031750525494594642296   
   10.8750000000000       3.276890566494623E-004	10.875   0.00031462332311185217612   
   10.9062500000000       3.247968353469576E-004	10.9063   0.00031176363520366328193   
   10.9375000000000       3.219261619660521E-004	10.9375   0.00030892607207707124168   
   10.9687500000000       3.190769282651040E-004	10.9688   0.00030611051453013636167   
   11.0000000000000       3.162490258647601E-004	11.   0.00030331684331377089567   
   11.0312500000000       3.134423462583175E-004	11.0313   0.00030054493914213288124   
   11.0625000000000       3.106567808219535E-004	11.0625   0.00029779468270292928287   
   11.0937500000000       3.078922208248584E-004	11.0938   0.00029506595466762710449   
   11.1250000000000       3.051485574393338E-004	11.125   0.00029235863570157118435   
   11.1562500000000       3.024256817507892E-004	11.1563   0.00028967260647400743440   
   11.1875000000000       2.997234847676280E-004	11.1875   0.00028700774766801033617   
   11.2187500000000       2.970418574310917E-004	11.2188   0.00028436393999031355441   
   11.2500000000000       2.943806906249597E-004	11.25   0.00028174106418104257854   
   11.2812500000000       2.917398751852383E-004	11.2813   0.00027913900102334835089   
   11.3125000000000       2.891193019096948E-004	11.3125   0.00027655763135294088893   
   11.3437500000000       2.865188615673087E-004	11.3438   0.00027399683606752195672   
   11.3750000000000       2.839384449076725E-004	11.375   0.00027145649613611588835   
   11.4062500000000       2.813779426702719E-004	11.4063   0.00026893649260829771336   
   11.4375000000000       2.788372455936698E-004	11.4375   0.00026643670662331778066   
   11.4687500000000       2.763162444246000E-004	11.4688   0.00026395701941912212389   
   11.5000000000000       2.738148299269787E-004	11.5   0.00026149731234126785662   
   11.5312500000000       2.713328928908134E-004	11.5313   0.00025905746685173293121   
   11.5625000000000       2.688703241410005E-004	11.5625   0.00025663736453761963954   
   11.5937500000000       2.664270145460654E-004	11.5938   0.00025423688711975127807   
   11.6250000000000       2.640028550267575E-004	11.625   0.00025185591646116144299   
   11.6562500000000       2.615977365645879E-004	11.6563   0.00024949433457547546436   
   11.6875000000000       2.592115502102427E-004	11.6875   0.00024715202363518353005   
   11.7187500000000       2.568441870919148E-004	11.7188   0.00024482886597980509224   
   11.7500000000000       2.544955384235254E-004	11.75   0.00024252474412394419018   
   11.7812500000000       2.521654955128435E-004	11.7813   0.00024023954076523536302   
   11.8125000000000       2.498539497695316E-004	11.8125   0.00023797313879217986672   
   11.8437500000000       2.475607927130491E-004	11.8438   0.00023572542129187194737   
   11.8750000000000       2.452859159804937E-004	11.875   0.00023349627155761496241   
   11.9062500000000       2.430292113343180E-004	11.9063   0.00023128557309642717817   
   11.9375000000000       2.407905706699526E-004	11.9375   0.00022909320963643710968   
   11.9687500000000       2.385698860233302E-004	11.9688   0.00022691906513416830455   
   12.0000000000000       2.363670495783085E-004	12.   0.00022476302378171350874   
   12.0312500000000       2.341819536739884E-004	12.0313   0.00022262497001379818647   
   12.0625000000000       2.320144908119250E-004	12.0625   0.00022050478851473340108   
   12.0937500000000       2.298645536632476E-004	12.0938   0.00021840236422525809686   
   12.1250000000000       2.277320350756776E-004	12.125   0.00021631758234927085468   
   12.1562500000000       2.256168280804316E-004	12.1563   0.00021425032836045122652   
   12.1875000000000       2.235188258990303E-004	12.1875   0.00021220048800877078485   
   12.2187500000000       2.214379219500184E-004	12.2188   0.00021016794732689405399   
   12.2500000000000       2.193740098555532E-004	12.25   0.00020815259263646952011   
   12.2812500000000       2.173269834479265E-004	12.2813   0.00020615431055431094584   
   12.3125000000000       2.152967367759435E-004	12.3125   0.00020417298799846924405   
   12.3437500000000       2.132831641112536E-004	12.3438   0.00020220851219419519295   
   12.3750000000000       2.112861599545202E-004	12.375   0.00020026077067979330209   
   12.4062500000000       2.093056190415346E-004	12.4063   0.00019832965131236716478   
   12.4375000000000       2.073414363492116E-004	12.4375   0.00019641504227345665864   
   12.4687500000000       2.053935071014862E-004	12.4688   0.00019451683207456738051   
   12.5000000000000       2.034617267751027E-004	12.5   0.00019263490956259272682   
   12.5312500000000       2.015459911053197E-004	12.5313   0.00019076916392512905360   
   12.5625000000000       1.996461960914971E-004	12.5625   0.00018891948469568437378   
   12.5937500000000       1.977622380026020E-004	12.5938   0.00018708576175878107133   
   12.6250000000000       1.958940133825946E-004	12.625   0.00018526788535495313375   
   12.6562500000000       1.940414190557373E-004	12.6563   0.00018346574608563842522   
   12.6875000000000       1.922043521317836E-004	12.6875   0.00018167923491796654307   
   12.7187500000000       1.903827100110901E-004	12.7188   0.00017990824318944281993   
   12.7500000000000       1.885763903896190E-004	12.75   0.00017815266261252905300   
   12.7812500000000       1.867852912638320E-004	12.7813   0.00017641238527912156035   
   12.8125000000000       1.850093109355221E-004	12.8125   0.00017468730366492718171   
   12.8437500000000       1.832483480165108E-004	12.8438   0.00017297731063373785869   
   12.8750000000000       1.815023014332736E-004	12.875   0.00017128229944160444580   
   12.9062500000000       1.797710704314575E-004	12.9063   0.00016960216374091041950   
   12.9375000000000       1.780545545803226E-004	12.9375   0.00016793679758434616820   
   12.9687500000000       1.763526537770619E-004	12.9688   0.00016628609542878456052   
   13.0000000000000       1.746652682510508E-004	13.   0.00016464995213905850371   
   13.0312500000000       1.729922985679950E-004	13.0313   0.00016302826299164121747   
   13.0625000000000       1.713336456339754E-004	13.0625   0.00016142092367822996175   
   13.0937500000000       1.696892106994321E-004	13.0938   0.00015982783030923396946   
   13.1250000000000       1.680588953630195E-004	13.125   0.00015824887941716734713   
   13.1562500000000       1.664426015753973E-004	13.1563   0.00015668396795994771794   
   13.1875000000000       1.648402316429187E-004	13.1875   0.00015513299332410139252   
   13.2187500000000       1.632516882312341E-004	13.2188   0.00015359585332787586334   
   13.2500000000000       1.616768743688145E-004	13.25   0.00015207244622426042835   
   13.2812500000000       1.601156934503616E-004	13.2813   0.00015056267070391575909   
   13.3125000000000       1.585680492401645E-004	13.3125   0.00014906642589801323714   
   13.3437500000000       1.570338458753441E-004	13.3438   0.00014758361138098489159   
   13.3750000000000       1.555129878690197E-004	13.375   0.00014611412717318477774   
   13.4062500000000       1.540053801133918E-004	13.4063   0.00014465787374346264514   
   13.4375000000000       1.525109278827458E-004	13.4375   0.00014321475201165074981   
   13.4687500000000       1.510295368363631E-004	13.4688   0.00014178466335096467232   
   13.5000000000000       1.495611130213449E-004	13.5   0.00014036750959031900929   
   13.5312500000000       1.481055628753754E-004	13.5313   0.00013896319301655881192   
   13.5625000000000       1.466627932293817E-004	13.5625   0.00013757161637660765019   
   13.5937500000000       1.452327113101214E-004	13.5938   0.00013619268287953318640   
   13.6250000000000       1.438152247426916E-004	13.625   0.00013482629619853114617   
   13.6562500000000       1.424102415529526E-004	13.6563   0.00013347236047282857916   
   13.6875000000000       1.410176701698889E-004	13.6875   0.00013213078030950730543   
   13.7187500000000       1.396374194278713E-004	13.7188   0.00013080146078524844659   
   13.7500000000000       1.382693985688594E-004	13.75   0.00012948430744799894417   
   13.7812500000000       1.369135172445148E-004	13.7813   0.00012817922631856096984   
   13.8125000000000       1.355696855182509E-004	13.8125   0.00012688612389210513464   
   13.8437500000000       1.342378138672050E-004	13.8438   0.00012560490713960840611   
   13.8750000000000       1.329178131841263E-004	13.875   0.00012433548350921764403   
   13.9062500000000       1.316095947792096E-004	13.9063   0.00012307776092753966619   
   13.9375000000000       1.303130703818429E-004	13.9375   0.00012183164780085875727   
   13.9687500000000       1.290281521422870E-004	13.9688   0.00012059705301628253383   
   14.0000000000000       1.277547526332869E-004	14.   0.00011937388594281707903   
   14.0312500000000       1.264927848516137E-004	14.0313   0.00011816205643237226085   
   14.0625000000000       1.252421622195382E-004	14.0625   0.00011696147482069814676   
   14.0937500000000       1.240027985862307E-004	14.0938   0.00011577205192825342795   
   14.1250000000000       1.227746082290989E-004	14.125   0.00011459369906100676466   
   14.1562500000000       1.215575058550647E-004	14.1563   0.00011342632801117196359   
   14.1875000000000       1.203514066017621E-004	14.1875   0.00011226985105787789667   
   14.2187500000000       1.191562260386807E-004	14.2188   0.00011112418096777406906   
   14.2500000000000       1.179718801682456E-004	14.25   0.00010998923099557274214   
   14.2812500000000       1.167982854268240E-004	14.2813   0.00010886491488452851550   
   14.3125000000000       1.156353586856819E-004	14.3125   0.00010775114686685626914   
   14.3437500000000       1.144830172518765E-004	14.3438   0.00010664784166408836503   
   14.3750000000000       1.133411788690788E-004	14.375   0.00010555491448737200398   
   14.4062500000000       1.122097617183465E-004	14.4063   0.00010447228103770763105   
   14.4375000000000       1.110886844188381E-004	14.4375   0.00010339985750612927936   
   14.4687500000000       1.099778660284578E-004	14.4688   0.00010233756057382773903   
   14.5000000000000       1.088772260444583E-004	14.5   0.00010128530741221743397   
   14.5312500000000       1.077866844039739E-004	14.5313   0.00010024301568294788595   
   14.5625000000000       1.067061614845079E-004	14.5625   0.000099210603537860641124   
   14.5937500000000       1.056355781043558E-004	14.5938   0.000098187989618892530159   
   14.6250000000000       1.045748555229805E-004	14.625   0.000097175093057926128805   
   14.6562500000000       1.035239154413336E-004	14.6563   0.000096171833476588281404   
   14.6875000000000       1.024826800021218E-004	14.6875   0.000095178130985997545084   
   14.7187500000000       1.014510717900232E-004	14.7188   0.000094193906186461407745   
   14.7500000000000       1.004290138318514E-004	14.75   0.000093219080167124128002   
   14.7812500000000       9.941642959667022E-005	14.7813   0.000092253574505566040236   
   14.8125000000000       9.841324299585984E-005	14.8125   0.000091297311267355162733   
   14.8437500000000       9.741937838312900E-005	14.8438   0.000090350213005551941614   
   14.8750000000000       9.643476055448882E-005	14.875   0.000089412202760167957811   
   14.9062500000000       9.545931474817060E-005	14.9063   0.000088483204057579418861   
   14.9375000000000       9.449296664450025E-005	14.9375   0.000087563140909896251602   
   14.9687500000000       9.353564236572691E-005	14.9688   0.000086651937814287606136   
   15.0000000000000       9.258726847581130E-005	15.   0.000085749519752264575548   
   15.0312500000000       9.164777198015955E-005	15.0313   0.000084855812188920929936   
   15.0625000000000       9.071708032532486E-005	15.0625   0.000083970741072132657248   
   15.0937500000000       8.979512139865741E-005	15.0938   0.000083094232831717097304   
   15.1250000000000       8.888182352791686E-005	15.125   0.000082226214378552449140   
   15.1562500000000       8.797711548084682E-005	15.1563   0.000081366613103658425546   
   15.1875000000000       8.708092646469985E-005	15.1875   0.000080515356877238822255   
   15.2187500000000       8.619318612572939E-005	15.2188   0.000079672374047686762843   
   15.2500000000000       8.531382454864077E-005	15.25   0.000078837593440553373831   
   15.2812500000000       8.444277225600845E-005	15.2813   0.000078010944357480637966   
   15.3125000000000       8.357996020764318E-005	15.3125   0.000077192356575099166962   
   15.3437500000000       8.272531979993555E-005	15.3438   0.000076381760343891628329   
   15.3750000000000       8.187878286515580E-005	15.375   0.000075579086387022554168   
   15.4062500000000       8.104028167072330E-005	15.4063   0.000074784265899135252987   
   15.4375000000000       8.020974891843092E-005	15.4375   0.000073997230545116538813   
   15.4687500000000       7.938711774365283E-005	15.4688   0.000073217912458829984922   
   15.5000000000000       7.857232171449666E-005	15.5   0.000072446244241818402659   
   15.5312500000000       7.776529483094167E-005	15.5313   0.000071682158961976238825   
   15.5625000000000       7.696597152393349E-005	15.5625   0.000070925590152192578130   
   15.5937500000000       7.617428665445304E-005	15.5938   0.000070176471808965430215   
   15.6250000000000       7.539017551255162E-005	15.625   0.000069434738390987973691   
   15.6562500000000       7.461357381635474E-005	15.6563   0.000068700324817707422576   
   15.6875000000000       7.384441771104031E-005	15.6875   0.000067973166467857173457   
   15.7187500000000       7.308264376778434E-005	15.7188   0.000067253199177962884569   
   15.7500000000000       7.232818898267856E-005	15.75   0.000066540359240823130912   
   15.7812500000000       7.158099077562184E-005	15.7813   0.000065834583403965272355   
   15.8125000000000       7.084098698918333E-005	15.8125   0.000065135808868077164601   
   15.8437500000000       7.010811588743780E-005	15.8438   0.000064443973285415335684   
   15.8750000000000       6.938231615477755E-005	15.875   0.000063759014758190243592   
   15.9062500000000       6.866352689469959E-005	15.9063   0.000063080871836929223413   
   15.9375000000000       6.795168762855998E-005	15.9375   0.000062409483518817725279   
   15.9687500000000       6.724673829431521E-005	15.9688   0.000061744789246019437265   
   16.0000000000000       6.654861924523362E-005	16.   0.000061086728903975880209   
   16.0312500000000       6.585727124858288E-005	16.0313   0.000060435242819686054360   
   16.0625000000000       6.517263548429846E-005	16.0625   0.000059790271759966710588   
   16.0937500000000       6.449465354362727E-005	16.0938   0.000059151756929693811813   
   16.1250000000000       6.382326742775124E-005	16.125   0.000058519639970025743214   
   16.1562500000000       6.315841954639072E-005	16.1563   0.000057893862956608822692   
   16.1875000000000       6.250005271638463E-005	16.1875   0.000057274368397765656015   
   16.2187500000000       6.184811016025293E-005	16.2188   0.000056661099232666874019   
   16.2500000000000       6.120253550474057E-005	16.25   0.000056053998829486782226   
   16.2812500000000       6.056327277933976E-005	16.2813   0.000055453010983543446243   
   16.3125000000000       5.993026641479739E-005	16.3125   0.000054858079915423729335   
   16.3437500000000       5.930346124160169E-005	16.3438   0.000054269150269093791596   
   16.3750000000000       5.868280248845252E-005	16.375   0.000053686167109995553256   
   16.4062500000000       5.806823578071656E-005	16.4063   0.000053109075923129617741   
   16.4375000000000       5.745970713886264E-005	16.4375   0.000052537822611125143243   
   16.4687500000000       5.685716297688546E-005	16.4688   0.000051972353492297144740   
   16.5000000000000       5.626055010071038E-005	16.5   0.000051412615298691701597   
   16.5312500000000       5.566981570658577E-005	16.5313   0.000050858555174119539106   
   16.5625000000000       5.508490737945773E-005	16.5625   0.000050310120672178445608   
   16.5937500000000       5.450577309133631E-005	16.5938   0.000049767259754264980128   
   16.6250000000000       5.393236119964262E-005	16.625   0.000049229920787575918818   
   16.6562500000000       5.336462044554437E-005	16.6563   0.000048698052543099881858   
   16.6875000000000       5.280249995228219E-005	16.6875   0.000048171604193599575903   
   16.7187500000000       5.224594922347895E-005	16.7188   0.000047650525311585080617   
   16.7500000000000       5.169491814143980E-005	16.75   0.000047134765867278601342   
   16.7812500000000       5.114935696544102E-005	16.7813   0.000046624276226571103477   
   16.8125000000000       5.060921633000664E-005	16.8125   0.000046119007148971237754   
   16.8437500000000       5.007444724317505E-005	16.8438   0.000045618909785546959200   
   16.8750000000000       4.954500108475656E-005	16.875   0.000045123935676860236269   
   16.9062500000000       4.902082960457901E-005	16.9063   0.000044634036750895240333   
   16.9375000000000       4.850188492072689E-005	16.9375   0.000044149165320980399496   
   16.9687500000000       4.798811951776752E-005	16.9688   0.000043669274083704694504   
   17.0000000000000       4.747948624497322E-005	17.   0.000043194316116828568377   
   17.0312500000000       4.697593831453197E-005	17.0313   0.000042724244877189815305   
   17.0625000000000       4.647742929975108E-005	17.0625   0.000042259014198604808296   
   17.0937500000000       4.598391313325393E-005	17.0938   0.000041798578289765419074   
   17.1250000000000       4.549534410516932E-005	17.125   0.000041342891732131977784   
   17.1562500000000       4.501167686131397E-005	17.1563   0.000040891909477822614137   
   17.1875000000000       4.453286640136794E-005	17.1875   0.000040445586847499315826   
   17.2187500000000       4.405886807704538E-005	17.2188   0.000040003879528251034204   
   17.2500000000000       4.358963759025787E-005	17.25   0.000039566743571474161499   
   17.2812500000000       4.312513099127439E-005	17.2813   0.000039134135390750698134   
   17.3125000000000       4.266530467687345E-005	17.3125   0.000038706011759724423087   
   17.3437500000000       4.221011538849373E-005	17.3438   0.000038282329809975374625   
   17.3750000000000       4.175952021037694E-005	17.375   0.000037863047028892943227   
   17.4062500000000       4.131347656770937E-005	17.4063   0.000037448121257547873000   
   17.4375000000000       4.087194222475767E-005	17.4375   0.000037037510688563462492   
   17.4687500000000       4.043487528300150E-005	17.4688   0.000036631173863986250400   
   17.5000000000000       4.000223417926431E-005	17.5   0.000036229069673156466362   
   17.5312500000000       3.957397768383878E-005	17.5313   0.000035831157350578521740   
   17.5625000000000       3.915006489861174E-005	17.5625   0.000035437396473791810093   
   17.5937500000000       3.873045525518506E-005	17.5938   0.000035047746961242081859   
   17.6250000000000       3.831510851299607E-005	17.625   0.000034662169070153652675   
   17.6562500000000       3.790398475743426E-005	17.6563   0.000034280623394402699678   
   17.6875000000000       3.749704439795796E-005	17.6875   0.000033903070862391895160   
   17.7187500000000       3.709424816620884E-005	17.7188   0.000033529472734926621966   
   17.7500000000000       3.669555711412579E-005	17.75   0.000033159790603093010153   
   17.7812500000000       3.630093261205751E-005	17.7813   0.000032793986386138029581   
   17.8125000000000       3.591033634687541E-005	17.8125   0.000032432022329351868302   
   17.8437500000000       3.552373032008423E-005	17.8438   0.000032073861001952821905   
   17.8750000000000       3.514107684593556E-005	17.875   0.000031719465294974914274   
   17.9062500000000       3.476233854953861E-005	17.9063   0.000031368798419158465595   
   17.9375000000000       3.438747836497374E-005	17.9375   0.000031021823902843818882   
   17.9687500000000       3.401645953340400E-005	17.9688   0.000030678505589868431759   
   18.0000000000000       3.364924560119063E-005	18.   0.000030338807637467535779   
   18.0312500000000       3.328580041800603E-005	18.0313   0.000030002694514178561139   
   18.0625000000000       3.292608813495132E-005	18.0625   0.000029670130997749520309   
   18.0937500000000       3.257007320267381E-005	18.0938   0.000029341082173051539754   
   18.1250000000000       3.221772036948513E-005	18.125   0.000029015513429995724700   
   18.1562500000000       3.186899467948311E-005	18.1563   0.000028693390461454537695   
   18.1875000000000       3.152386147067526E-005	18.1875   0.000028374679261187867541   
   18.2187500000000       3.118228637310285E-005	18.2188   0.000028059346121773961097   
   18.2500000000000       3.084423530697016E-005	18.25   0.000027747357632545386420   
   18.2812500000000       3.050967448077340E-005	18.2813   0.000027438680677530191671   
   18.3125000000000       3.017857038943540E-005	18.3125   0.000027133282433398420337   
   18.3437500000000       2.985088981244096E-005	18.3438   0.000026831130367414139363   
   18.3750000000000       2.952659981197588E-005	18.375   0.000026532192235393133009   
   18.4062500000000       2.920566773107073E-005	18.4063   0.000026236436079666411418   
   18.4375000000000       2.888806119174529E-005	18.4375   0.000025943830227049679148   
   18.4687500000000       2.857374809316019E-005	18.4688   0.000025654343286818905270   
   18.5000000000000       2.826269660976914E-005	18.5   0.000025367944148692132943   
   18.5312500000000       2.795487518947648E-005	18.5313   0.000025084601980817662830   
   18.5625000000000       2.765025255179953E-005	18.5625   0.000024804286227768741167   
   18.5937500000000       2.734879768603437E-005	18.5938   0.000024526966608544879804   
   18.6250000000000       2.705047984942485E-005	18.625   0.000024252613114579932106   
   18.6562500000000       2.675526856533865E-005	18.6563   0.000023981196007757045209   
   18.6875000000000       2.646313362144668E-005	18.6875   0.000023712685818430605767   
   18.7187500000000       2.617404506790654E-005	18.7188   0.000023447053343455293062   
   18.7500000000000       2.588797321555267E-005	18.75   0.000023184269644222350069   
   18.7812500000000       2.560488863408933E-005	18.7813   0.000022924306044703179889   
   18.8125000000000       2.532476215029137E-005	18.8125   0.000022667134129500371792   
   18.8437500000000       2.504756484620847E-005	18.8438   0.000022412725741906258028   
   18.8750000000000       2.477326805737493E-005	18.875   0.000022161052981969099470   
   18.9062500000000       2.450184337102597E-005	18.9063   0.000021912088204566995180   
   18.9375000000000       2.423326262431853E-005	18.9375   0.000021665804017489607966   
   18.9687500000000       2.396749790255910E-005	18.9688   0.000021422173279527795128   
   19.0000000000000       2.370452153743632E-005	19.   0.000021181169098571230668   
   19.0312500000000       2.344430610525953E-005	19.0313   0.000020942764829714102428   
   19.0625000000000       2.318682442520476E-005	19.0625   0.000020706934073368964817   
   19.0937500000000       2.293204955756519E-005	19.0938   0.000020473650673388825037   
   19.1250000000000       2.267995480200906E-005	19.125   0.000020242888715197538028   
   19.1562500000000       2.243051369584337E-005	19.1563   0.000020014622523928582672   
   19.1875000000000       2.218370001228395E-005	19.1875   0.000019788826662572289179   
   19.2187500000000       2.193948775873269E-005	19.2188   0.000019565475930131585018   
   19.2500000000000       2.169785117506071E-005	19.25   0.000019344545359786324189   
   19.2812500000000       2.145876473189869E-005	19.2813   0.000019126010217066262165   
   19.3125000000000       2.122220312893374E-005	19.3125   0.000018909845998032736358   
   19.3437500000000       2.098814129321314E-005	19.3438   0.000018696028427469109571   
   19.3750000000000       2.075655437745490E-005	19.375   0.000018484533457080031494   
   19.4062500000000       2.052741775836591E-005	19.4063   0.000018275337263699570999   
   19.4375000000000       2.030070703496666E-005	19.4375   0.000018068416247508269675   
   19.4687500000000       2.007639802692282E-005	19.4688   0.000017863747030259164791   
   19.5000000000000       1.985446677288447E-005	19.5   0.000017661306453512827667   
   19.5312500000000       1.963488952883305E-005	19.5313   0.000017461071576881461241   
   19.5625000000000       1.941764276643450E-005	19.5625   0.000017263019676282098483   
   19.5937500000000       1.920270317140070E-005	19.5938   0.000017067128242198941214   
   19.6250000000000       1.899004764185803E-005	19.625   0.000016873374977954876794   
   19.6562500000000       1.877965328672358E-005	19.6563   0.000016681737797992208143   
   19.6875000000000       1.857149742408850E-005	19.6875   0.000016492194826162630549   
   19.7187500000000       1.836555757960947E-005	19.7188   0.000016304724394026486743   
   19.7500000000000       1.816181148490755E-005	19.75   0.000016119305039161329838   
   19.7812500000000       1.796023707597466E-005	19.7813   0.000015935915503479821795   
   19.8125000000000       1.776081249158822E-005	19.8125   0.000015754534731556993256   
   19.8437500000000       1.756351607173304E-005	19.8438   0.000015575141868966888748   
   19.8750000000000       1.736832635603110E-005	19.875   0.000015397716260628619489   
   19.9062500000000       1.717522208217982E-005	19.9063   0.000015222237449161844256   
   19.9375000000000       1.698418218439736E-005	19.9375   0.000015048685173251697073   
   19.9687500000000       1.679518579187662E-005	19.9688   0.000014877039366023178783   
   20.0000000000000       1.660821222724643E-005	20.   0.000014707280153425027902   
