# t                       norm_latt	                t                  norm_cont
  0.00000000              0.0000000000000000000    	0.00000000   0.00237471524161729 
  3.125000000000000E-002  1.762990553258006E-004	0.03125    0.0023746824083981614381   
  6.250000000000000E-002  5.086584291421744E-004	0.0625    0.0023746409628342950074   
  9.375000000000000E-002  8.457258415221814E-004	0.09375    0.0023745566223751454063   
  0.125000000000000       1.136606586594504E-003	0.125    0.0023744345074354406484   
  0.156250000000000       1.371304728817303E-003	0.15625    0.0023742767605306167052   
  0.187500000000000       1.554851169538802E-003	0.1875    0.0023740838491299860237   
  0.218750000000000       1.696471731439128E-003	0.21875    0.0023738558486279294205   
  0.250000000000000       1.805371729476066E-003	0.25    0.0023735927694006458122   
  0.281250000000000       1.889350330378472E-003	0.28125    0.0023732946127459255553   
  0.312500000000000       1.954561509222484E-003	0.3125    0.0023729613788160493480   
  0.343750000000000       2.005689578318833E-003	0.34375    0.0023725930676280874418   
  0.375000000000000       2.046233713982618E-003	0.375    0.0023721896791838887392   
  0.406250000000000       2.078783883831355E-003	0.40625    0.0023717512134836482041   
  0.437500000000000       2.105250856253946E-003	0.4375    0.0023712776705273859581   
  0.468750000000000       2.127045253409406E-003	0.46875    0.0023707690503151040417   
  0.500000000000000       2.145212018336076E-003	0.5    0.0023702253528468026589   
  0.531250000000000       2.160529407935920E-003	0.53125    0.0023696465781224818296   
  0.562500000000000       2.173581079702154E-003	0.5625    0.0023690327261421415559   
  0.593750000000000       2.184808302882880E-003	0.59375    0.0023683837969057818380   
  0.625000000000000       2.194547706146224E-003	0.625    0.0023676997904134026759   
  0.656250000000000       2.203058586525075E-003	0.65625    0.0023669807066650040696   
  0.687500000000000       2.210542714287497E-003	0.6875    0.0023662265456605860190   
  0.718750000000000       2.217158749397331E-003	0.71875    0.0023654373074001485242   
  0.750000000000000       2.223032785437105E-003	0.75    0.0023646129918836915853   
  0.781250000000000       2.228266104034662E-003	0.78125    0.0023637535991112152022   
  0.812500000000000       2.232940913234073E-003	0.8125    0.0023628591290827193756   
  0.843750000000000       2.237124622701605E-003	0.84375    0.0023619295817982041079   
  0.875000000000000       2.240873051917966E-003	0.875    0.0023609649572576694096   
  0.906250000000000       2.244232856058881E-003	0.90625    0.0023599652554611153199   
  0.937500000000000       2.247243374984332E-003	0.9375    0.0023589304764085419728   
  0.968750000000000       2.249938054139710E-003	0.96875    0.0023578606200999497871   
   1.00000000000000       2.252345545720955E-003	1.    0.0023567556865353399706   
   1.03125000000000       2.254490569374413E-003	1.03125    0.0023556156757147157657   
   1.06250000000000       2.256394590756611E-003	1.0625    0.0023544405876380853242   
   1.09375000000000       2.258076361111101E-003	1.09375    0.0023532304223054679538   
   1.12500000000000       2.259552349984472E-003	1.125    0.0023519851797169069587   
   1.15625000000000       2.260837095147622E-003	1.15625    0.0023507048598724947381   
   1.18750000000000       2.261943487865648E-003	1.1875    0.0023493894627724196238   
   1.21875000000000       2.262883007279999E-003	1.21875    0.0023480389884170496633   
   1.25000000000000       2.263665914435479E-003	1.25    0.0023466534368070767606   
   1.28125000000000       2.264301414040169E-003	1.28125    0.0023452328079437559195   
   1.31250000000000       2.264797790237854E-003	1.3125    0.0023437771018292894133   
   1.34375000000000       2.265162521293486E-003	1.34375    0.0023422863184674250870   
   1.37500000000000       2.265402377048797E-003	1.375    0.0023407604578643621383   
   1.40625000000000       2.265523502185785E-003	1.40625    0.0023391995200300868519   
   1.43750000000000       2.265531487743255E-003	1.4375    0.0023376035049802949156   
   1.46875000000000       2.265431432841444E-003	1.46875    0.0023359724127390958348   
   1.50000000000000       2.265227998188531E-003	1.5    0.0023343062433427380384   
   1.53125000000000       2.264925452655919E-003	1.53125    0.0023326049968446396420   
   1.56250000000000       2.264527713991309E-003	1.5625    0.0023308686733220583618   
   1.59375000000000       2.264038384520049E-003	1.59375    0.0023290972728847833429   
   1.62500000000000       2.263460782567606E-003	1.625    0.0023272907956862800933   
   1.65625000000000       2.262797970203349E-003	1.65625    0.0023254492419377655928   
   1.68750000000000       2.262052777810651E-003	1.6875    0.0023235726119257322194   
   1.71875000000000       2.261227825899612E-003	1.71875    0.0023216609060334746940   
   1.75000000000000       2.260325544536498E-003	1.75    0.0023197141247672021844   
   1.78125000000000       2.259348190682495E-003	1.78125    0.0023177322687873366162   
   1.81250000000000       2.258297863716556E-003	1.8125    0.0023157153389456069306   
   1.84375000000000       2.257176519349963E-003	1.84375    0.0023136633363285466186   
   1.87500000000000       2.255985982139359E-003	1.875    0.0023115762623079877716   
   1.90625000000000       2.254727956758086E-003	1.90625    0.0023094541185991188763   
   1.93750000000000       2.253404038168788E-003	1.9375    0.0023072969073266357398   
   1.96875000000000       2.252015720825641E-003	1.96875    0.0023051046310994656673   
   2.00000000000000       2.250564407013716E-003	2.    0.0023028772930944850354   
   2.03125000000000       2.249051414419243E-003	2.03125    0.0023006148971495806881   
   2.06250000000000       2.247477983012181E-003	2.0625    0.0022983174478663273139   
   2.09375000000000       2.245845281322001E-003	2.09375    0.0022959849507224675176   
   2.12500000000000       2.244154412159609E-003	2.125    0.0022936174121942901936   
   2.15625000000000       2.242406417850350E-003	2.15625    0.0022912148398889076049   
   2.18750000000000       2.240602285024664E-003	2.1875    0.0022887772426863339245   
   2.21875000000000       2.238742949007877E-003	2.21875    0.0022863046308911695056   
   2.25000000000000       2.236829297851252E-003	2.25    0.0022837970163935973955   
   2.28125000000000       2.234862176044222E-003	2.28125    0.0022812544128393030992   
   2.31250000000000       2.232842387920844E-003	2.3125    0.0022786768358078367141   
   2.34375000000000       2.230770700809420E-003	2.34375    0.0022760643029988495566   
   2.37500000000000       2.228647847936333E-003	2.375    0.0022734168344255564131   
   2.40625000000000       2.226474531106354E-003	2.40625    0.0022707344526147004984   
   2.43750000000000       2.224251423185142E-003	2.4375    0.0022680171828122319081   
   2.46875000000000       2.221979170393887E-003	2.46875    0.0022652650531938524059   
   2.50000000000000       2.219658394440644E-003	2.5    0.0022624780950795302552   
   2.53125000000000       2.217289694491466E-003	2.53125    0.0022596563431510487701   
   2.56250000000000       2.214873649003581E-003	2.5625    0.0022567998356716214700   
   2.59375000000000       2.212410817423759E-003	2.59375    0.0022539086147065851569   
   2.62500000000000       2.209901741771662E-003	2.625    0.0022509827263441697788   
   2.65625000000000       2.207346948107327E-003	2.65625    0.0022480222209153403263   
   2.68750000000000       2.204746947897079E-003	2.6875    0.0022450271532117108991   
   2.71875000000000       2.202102239284451E-003	2.71875    0.0022419975827005440242   
   2.75000000000000       2.199413308272174E-003	2.75    0.0022389335737358688004   
   2.78125000000000       2.196680629822637E-003	2.78125    0.0022358351957647789219   
   2.81250000000000       2.193904668879846E-003	2.8125    0.0022327025235280054752   
   2.84375000000000       2.191085881321775E-003	2.84375    0.0022295356372538989717   
   2.87500000000000       2.188224714844961E-003	2.875    0.0022263346228449997103   
   2.90625000000000       2.185321609787582E-003	2.90625    0.0022230995720564245840   
   2.93750000000000       2.182376999891462E-003	2.9375    0.0022198305826653511900   
   2.96875000000000       2.179391313015253E-003	2.96875    0.0022165277586309359069   
   3.00000000000000       2.176364971787575E-003	3.    0.0022131912102440608324   
   3.03125000000000       2.173298394219911E-003	3.03125    0.0022098210542663645044   
   3.06250000000000       2.170191994269227E-003	3.0625    0.0022064174140580725751   
   3.09375000000000       2.167046182360488E-003	3.09375    0.0022029804196942065146   
   3.12500000000000       2.163861365865678E-003	3.125    0.0021995102080688104673   
   3.15625000000000       2.160637949549614E-003	3.15625    0.0021960069229868980983   
   3.18750000000000       2.157376335973959E-003	3.1875    0.0021924707152438821972   
   3.21875000000000       2.154076925873872E-003	3.21875    0.0021889017426923095752   
   3.25000000000000       2.150740118498335E-003	3.25    0.0021853001702957820183   
   3.28125000000000       2.147366311920252E-003	3.28125    0.0021816661701700004558   
   3.31250000000000       2.143955903321306E-003	3.3125    0.0021779999216109237767   
   3.34375000000000       2.140509289247181E-003	3.34375    0.0021743016111100856522   
   3.37500000000000       2.137026865837963E-003	3.375    0.0021705714323571621031   
   3.40625000000000       2.133509029035489E-003	3.40625    0.0021668095862299292248   
   3.43750000000000       2.129956174767026E-003	3.4375    0.0021630162807717943234   
   3.46875000000000       2.126368699106205E-003	3.46875    0.0021591917311571246331   
   3.50000000000000       2.122746998418129E-003	3.5    0.0021553361596446357100   
   3.53125000000000       2.119091469480887E-003	3.53125    0.0021514497955191364927   
   3.56250000000000       2.115402509590859E-003	3.5625    0.0021475328750219598798   
   3.59375000000000       2.111680516651619E-003	3.59375    0.0021435856412704364991   
   3.62500000000000       2.107925889245705E-003	3.625    0.0021396083441667951764   
   3.65625000000000       2.104139026692596E-003	3.65625    0.0021356012402968964868   
   3.68750000000000       2.100320329091631E-003	3.6875    0.0021315645928192257713   
   3.71875000000000       2.096470197352492E-003	3.71875    0.0021274986713445891886   
   3.75000000000000       2.092589033212498E-003	3.75    0.0021234037518069708495   
   3.78125000000000       2.088677239242847E-003	3.78125    0.0021192801163260209435   
   3.81250000000000       2.084735218843819E-003	3.8125    0.0021151280530616541248   
   3.84375000000000       2.080763376230945E-003	3.84375    0.0021109478560612443974   
   3.87500000000000       2.076762116409347E-003	3.875    0.0021067398250999074410   
   3.90625000000000       2.072731845141741E-003	3.90625    0.0021025042655143638857   
   3.93750000000000       2.068672968907777E-003	3.9375    0.0020982414880308775904   
   3.96875000000000       2.064585894854811E-003	3.96875    0.0020939518085877616466   
   4.00000000000000       2.060471030743688E-003	4.    0.0020896355481529417412   
   4.03125000000000       2.056328784886631E-003	4.03125    0.0020852930325370617975   
   4.06250000000000       2.052159566079743E-003	4.0625    0.0020809245922026106013   
   4.09375000000000       2.047963783531516E-003	4.09375    0.0020765305620695405382   
   4.12500000000000       2.043741846785011E-003	4.125    0.0020721112813178407366   
   4.15625000000000       2.039494165636493E-003	4.15625    0.0020676670931875169507   
   4.18750000000000       2.035221150050010E-003	4.1875    0.0020631983447764195489   
   4.21875000000000       2.030923210070146E-003	4.21875    0.0020587053868363491010   
   4.25000000000000       2.026600755729145E-003	4.25    0.0020541885735678563981   
   4.28125000000000       2.022254196952916E-003	4.28125    0.0020496482624141403865   
   4.31250000000000       2.017883943466560E-003	4.3125    0.0020450848138544335624   
   4.34375000000000       2.013490404694483E-003	4.34375    0.0020404985911972499360   
   4.37500000000000       2.009073989661540E-003	4.375    0.0020358899603738558370   
   4.40625000000000       2.004635106893634E-003	4.40625    0.0020312592897323086672   
   4.43750000000000       2.000174164314397E-003	4.4375    0.0020266069498323933013   
   4.46875000000000       1.995691569144992E-003	4.46875    0.0020219333132417702572   
   4.50000000000000       1.991187727800489E-003	4.5    0.0020172387543336340809   
   4.53125000000000       1.986663045788765E-003	4.53125    0.0020125236490861646725   
   4.56250000000000       1.982117927607601E-003	4.5625    0.0020077883748840385862   
   4.59375000000000       1.977552776643735E-003	4.59375    0.0020030333103222517181   
   4.62500000000000       1.972967995071432E-003	4.625    0.0019982588350124893032   
   4.65625000000000       1.968363983753328E-003	4.65625    0.0019934653293922638195   
   4.68750000000000       1.963741142140387E-003	4.6875    0.0019886531745370262937   
   4.71875000000000       1.959099868174658E-003	4.71875    0.0019838227519754416381   
   4.75000000000000       1.954440558193357E-003	4.75    0.0019789744435080040790   
   4.78125000000000       1.949763606832955E-003	4.78125    0.0019741086310291544744   
   4.81250000000000       1.945069406937009E-003	4.8125    0.0019692256963530473959   
   4.84375000000000       1.940358349464161E-003	4.84375    0.0019643260210431022917   
   4.87500000000000       1.935630823399390E-003	4.875    0.0019594099862454598736   
   4.90625000000000       1.930887215665998E-003	4.90625    0.0019544779725264520895   
   4.93750000000000       1.926127911040687E-003	4.9375    0.0019495303597141816828   
   4.96875000000000       1.921353292069878E-003	4.96875    0.0019445675267442953994   
   5.00000000000000       1.916563738989855E-003	5.    0.0019395898515100233996   
   5.03125000000000       1.911759629647742E-003	5.03125    0.0019345977107165463645   
   5.06250000000000       1.906941339425371E-003	5.0625    0.0019295914797397411731   
   5.09375000000000       1.902109241166190E-003	5.09375    0.0019245715324893458482   
   5.12500000000000       1.897263705103641E-003	5.125    0.0019195382412765747552   
   5.15625000000000       1.892405098793177E-003	5.15625    0.0019144919766862057567   
   5.18750000000000       1.887533787046236E-003	5.1875    0.0019094331074531522058   
   5.21875000000000       1.882650131866739E-003	5.21875    0.0019043620003435242699   
   5.25000000000000       1.877754492390477E-003	5.25    0.0018992790200401761361   
   5.28125000000000       1.872847224827136E-003	5.28125    0.0018941845290327281294   
   5.31250000000000       1.867928682404780E-003	5.3125    0.0018890788875120456910   
   5.34375000000000       1.862999215317338E-003	5.34375    0.0018839624532691504874   
   5.37500000000000       1.858059170674349E-003	5.375    0.0018788355815985326605   
   5.40625000000000       1.853108892453018E-003	5.40625    0.0018736986252058273668   
   5.43750000000000       1.848148721454324E-003	5.4375    0.0018685519341198132766   
   5.46875000000000       1.843178995259883E-003	5.46875    0.0018633958556086856151   
   5.50000000000000       1.838200048192646E-003	5.5    0.0018582307341005515980   
   5.53125000000000       1.833212211280010E-003	5.53125    0.0018530569111080917511   
   5.56250000000000       1.828215812218686E-003	5.5625    0.0018478747251573265774   
   5.59375000000000       1.823211175343040E-003	5.59375    0.0018426845117204243540   
   5.62500000000000       1.818198621595538E-003	5.625    0.0018374866031524824743   
   5.65625000000000       1.813178468499165E-003	5.65625    0.0018322813286322116995   
   5.68750000000000       1.808151030133078E-003	5.6875    0.0018270690141064499293   
   5.71875000000000       1.803116617110155E-003	5.71875    0.0018218499822384296373   
   5.75000000000000       1.798075536556495E-003	5.75    0.0018166245523597209225   
   5.78125000000000       1.793028092094189E-003	5.78125    0.0018113930404257702013   
   5.81250000000000       1.787974583825267E-003	5.8125    0.0018061557589749528896   
   5.84375000000000       1.782915308318330E-003	5.84375    0.0018009130170910569844   
   5.87500000000000       1.777850558597675E-003	5.875    0.0017956651203691132478   
   5.90625000000000       1.772780624133532E-003	5.90625    0.0017904123708844867057   
   5.93750000000000       1.767705790835399E-003	5.9375    0.0017851550671651433850   
   5.96875000000000       1.762626341045931E-003	5.96875    0.0017798935041670056252   
   6.00000000000000       1.757542553539192E-003	6.    0.0017746279732523088932   
   6.03125000000000       1.752454703517967E-003	6.03125    0.0017693587621708727978   
   6.06250000000000       1.747363062614379E-003	6.0625    0.0017640861550441989326   
   6.09375000000000       1.742267898892666E-003	6.09375    0.0017588104323523082610   
   6.12500000000000       1.737169476852544E-003	6.125    0.0017535318709232309894   
   6.15625000000000       1.732068057434856E-003	6.15625    0.0017482507439250622389   
   6.18750000000000       1.726963898029012E-003	6.1875    0.0017429673208604973163   
   6.21875000000000       1.721857252481366E-003	6.21875    0.0017376818675637610000   
   6.25000000000000       1.716748371105630E-003	6.25    0.0017323946461998459689   
   6.28125000000000       1.711637500694626E-003	6.28125    0.0017271059152659763281   
   6.31250000000000       1.706524884533076E-003	6.3125    0.0017218159295952130957   
   6.34375000000000       1.701410762412103E-003	6.34375    0.0017165249403621195162   
   6.37500000000000       1.696295370645111E-003	6.375    0.0017112331950904051446   
   6.40625000000000       1.691178942084467E-003	6.40625    0.0017059409376624687953   
   6.43750000000000       1.686061706139700E-003	6.4375    0.0017006484083307616682   
   6.46875000000000       1.680943888796682E-003	6.46875    0.0016953558437308932376   
   6.50000000000000       1.675825712638040E-003	6.5    0.0016900634768964038204   
   6.53125000000000       1.670707396864304E-003	6.53125    0.0016847715372751291151   
   6.56250000000000       1.665589157317031E-003	6.5625    0.0016794802507470834240   
   6.59375000000000       1.660471206500699E-003	6.59375    0.0016741898396437897233   
   6.62500000000000       1.655353753608080E-003	6.625    0.0016689005227689862373   
   6.65625000000000       1.650237004544798E-003	6.65625    0.0016636125154206406856   
   6.68750000000000       1.645121161955281E-003	6.6875    0.0016583260294142049134   
   6.71875000000000       1.640006425249138E-003	6.71875    0.0016530412731070441681   
   6.75000000000000       1.634892990628652E-003	6.75    0.0016477584514239768640   
   6.78125000000000       1.629781051116655E-003	6.78125    0.0016424777658838622550   
   6.81250000000000       1.624670796585246E-003	6.8125    0.0016371994146271750310   
   6.84375000000000       1.619562413784768E-003	6.84375    0.0016319235924445074492   
   6.87500000000000       1.614456086373824E-003	6.875    0.0016266504908059412085   
   6.90625000000000       1.609351994949156E-003	6.90625    0.0016213802978912328742   
   6.93750000000000       1.604250317076918E-003	6.9375    0.0016161131986207582511   
   6.96875000000000       1.599151227323043E-003	6.96875    0.0016108493746871626927   
   7.00000000000000       1.594054897285652E-003	7.    0.0016055890045876659096   
   7.03125000000000       1.588961495626436E-003	7.03125    0.0016003322636569714083   
   7.06250000000000       1.583871188103141E-003	7.0625    0.0015950793241007322478   
   7.09375000000000       1.578784137602092E-003	7.09375    0.0015898303550295263387   
   7.12500000000000       1.573700504170826E-003	7.125    0.0015845855224932960359   
   7.15625000000000       1.568620445051620E-003	7.15625    0.0015793449895162082795   
   7.18750000000000       1.563544114714443E-003	7.1875    0.0015741089161318930272   
   7.21875000000000       1.558471664890388E-003	7.21875    0.0015688774594190191869   
   7.25000000000000       1.553403244605420E-003	7.25    0.0015636507735371687030   
   7.28125000000000       1.548339000214096E-003	7.28125    0.0015584290097629708720   
   7.31250000000000       1.543279075433475E-003	7.3125    0.0015532123165264603619   
   7.34375000000000       1.538223611376958E-003	7.34375    0.0015480008394476237828   
   7.37500000000000       1.533172746588069E-003	7.375    0.0015427947213731010075   
   7.40625000000000       1.528126617075058E-003	7.40625    0.0015375941024130087611   
   7.43750000000000       1.523085356344091E-003	7.4375    0.0015323991199778552977   
   7.46875000000000       1.518049095433869E-003	7.46875    0.0015272099088155162520   
   7.50000000000000       1.513017962949343E-003	7.5    0.0015220266010482429971   
   7.53125000000000       1.507992085095541E-003	7.53125    0.0015168493262096760533   
   7.56250000000000       1.502971585711427E-003	7.5625    0.0015116782112818372844   
   7.59375000000000       1.497956586303999E-003	7.59375    0.0015065133807320757743   
   7.62500000000000       1.492947206081172E-003	7.625    0.0015013549565499434113   
   7.65625000000000       1.487943561985894E-003	7.65625    0.0014962030582839773100   
   7.68750000000000       1.482945768729331E-003	7.6875    0.0014910578030783672785   
   7.71875000000000       1.477953938823845E-003	7.71875    0.0014859193057094875841   
   7.75000000000000       1.472968182616229E-003	7.75    0.0014807876786222732928   
   7.78125000000000       1.467988608320505E-003	7.78125    0.0014756630319664224497   
   7.81250000000000       1.463015322050529E-003	7.8125    0.0014705454736324063302   
   7.84375000000000       1.458048427852368E-003	7.84375    0.0014654351092872709327   
   7.87500000000000       1.453088027736526E-003	7.875    0.0014603320424102137888   
   7.90625000000000       1.448134221710074E-003	7.90625    0.0014552363743279210546   
   7.93750000000000       1.443187107807886E-003	7.9375    0.0014501482042496506992   
   7.96875000000000       1.438246782124726E-003	7.96875    0.0014450676293020484393   
   8.00000000000000       1.433313338845911E-003	8.    0.0014399947445636838707   
   8.03125000000000       1.428386870278685E-003	8.03125    0.0014349296430992950283   
   8.06250000000000       1.423467466882498E-003	8.0625    0.0014298724159937303563   
   8.09375000000000       1.418555217299621E-003	8.09375    0.0014248231523855778017   
   8.12500000000000       1.413650208384924E-003	8.125    0.0014197819395004714452   
   8.15625000000000       1.408752525236008E-003	8.15625    0.0014147488626840667669   
   8.18750000000000       1.403862251222394E-003	8.1875    0.0014097240054346762964   
   8.21875000000000       1.398979468014658E-003	8.21875    0.0014047074494355580329   
   8.25000000000000       1.394104255613346E-003	8.25    0.0013996992745868496316   
   8.28125000000000       1.389236692377610E-003	8.28125    0.0013946995590371419383   
   8.31250000000000       1.384376855052839E-003	8.3125    0.0013897083792146860233   
   8.34375000000000       1.379524818799298E-003	8.34375    0.0013847258098582284098   
   8.37500000000000       1.374680657218897E-003	8.375    0.0013797519240474697164   
   8.40625000000000       1.369844442382727E-003	8.40625    0.0013747867932331424377   
   8.43750000000000       1.365016244857877E-003	8.4375    0.0013698304872667040713   
   8.46875000000000       1.360196133733714E-003	8.46875    0.0013648830744296422640   
   8.50000000000000       1.355384176648279E-003	8.5    0.0013599446214623890965   
   8.53125000000000       1.350580439813732E-003	8.53125    0.0013550151935928420538   
   8.56250000000000       1.345784988042141E-003	8.5625    0.0013500948545644896370   
   8.59375000000000       1.340997884770454E-003	8.59375    0.0013451836666641399654   
   8.62500000000000       1.336219192085004E-003	8.625    0.0013402816907492510933   
   8.65625000000000       1.331448970746195E-003	8.65625    0.0013353889862748621237   
   8.68750000000000       1.326687280212413E-003	8.6875    0.0013305056113201245444   
   8.71875000000000       1.321934178663636E-003	8.71875    0.0013256316226144335383   
   8.75000000000000       1.317189723024882E-003	8.75    0.0013207670755631593332   
   8.78125000000000       1.312453968989082E-003	8.78125    0.0013159120242729789513   
   8.81250000000000       1.307726971039833E-003	8.8125    0.0013110665215768090039   
   8.84375000000000       1.303008782473418E-003	8.84375    0.0013062306190583404429   
   8.87500000000000       1.298299455421101E-003	8.875    0.0013014043670761764407   
   8.90625000000000       1.293599040870357E-003	8.90625    0.0012965878147875748071   
   8.93750000000000       1.288907588686395E-003	8.9375    0.0012917810101717965875   
   8.96875000000000       1.284225147632726E-003	8.96875    0.0012869840000530627007   
   9.00000000000000       1.279551765392001E-003	9.    0.0012821968301231206820   
   9.03125000000000       1.274887488586062E-003	9.03125    0.0012774195449634237922   
   9.06250000000000       1.270232362795877E-003	9.0625    0.0012726521880669249374   
   9.09375000000000       1.265586432581014E-003	9.09375    0.0012678948018594880150   
   9.12500000000000       1.260949741498887E-003	9.125    0.0012631474277209194680   
   9.15625000000000       1.256322332123480E-003	9.15625    0.0012584101060056229787   
   9.18750000000000       1.251704246064077E-003	9.1875    0.0012536828760628803790   
   9.21875000000000       1.247095523983426E-003	9.21875    0.0012489657762567619876   
   9.25000000000000       1.242496205615419E-003	9.25    0.0012442588439856697092   
   9.28125000000000       1.237906329783054E-003	9.28125    0.0012395621157015163478   
   9.31250000000000       1.233325934415196E-003	9.3125    0.0012348756269285446959   
   9.34375000000000       1.228755056563957E-003	9.34375    0.0012301994122817900593   
   9.37500000000000       1.224193732420911E-003	9.375    0.0012255335054851899719   
   9.40625000000000       1.219641997333771E-003	9.40625    0.0012208779393893449412   
   9.43750000000000       1.215099885822154E-003	9.4375    0.0012162327459889341405   
   9.46875000000000       1.210567431593384E-003	9.46875    0.0012115979564397900395   
   9.50000000000000       1.206044667557850E-003	9.5    0.0012069736010756360268   
   9.53125000000000       1.201531625844148E-003	9.53125    0.0012023597094244911394   
   9.56250000000000       1.197028337813929E-003	9.5625    0.0011977563102247460657   
   9.59375000000000       1.192534834076365E-003	9.59375    0.0011931634314409146358   
   9.62500000000000       1.188051144502452E-003	9.625    0.0011885811002790650562   
   9.65625000000000       1.183577298238946E-003	9.65625    0.0011840093432019351810   
   9.68750000000000       1.179113323722086E-003	9.6875    0.0011794481859437361439   
   9.71875000000000       1.174659248690937E-003	9.71875    0.0011748976535246487013   
   9.75000000000000       1.170215100200638E-003	9.75    0.0011703577702650166611   
   9.78125000000000       1.165780904635231E-003	9.78125    0.0011658285597992417864   
   9.81250000000000       1.161356687720291E-003	9.8125    0.0011613100450893845793   
   9.84375000000000       1.156942474535350E-003	9.84375    0.0011568022484384753586   
   9.87500000000000       1.152538289525874E-003	9.875    0.0011523051915035400518   
   9.90625000000000       1.148144156515161E-003	9.90625    0.0011478188953083451223   
   9.93750000000000       1.143760098716073E-003	9.9375    0.0011433433802558660532   
   9.96875000000000       1.139386138742320E-003	9.96875    0.0011388786661404838037   
   10.0000000000000       1.135022298619461E-003	10.    0.0011344247721599136477   
   10.0312500000000       1.130668599795990E-003	10.0313    0.0011299817169268707902   
   10.0625000000000       1.126325063153977E-003	10.0625    0.0011255495184804771486   
   10.0937500000000       1.121991709019369E-003	10.0938    0.0011211281942974136662   
   10.1250000000000       1.117668557172303E-003	10.125    0.0011167177613028225084   
   10.1562500000000       1.113355626857051E-003	10.1563    0.0011123182358809634706   
   10.1875000000000       1.109052936791864E-003	10.1875    0.0011079296338856289036   
   10.2187500000000       1.104760505178410E-003	10.2188    0.0011035519706503214386   
   10.2500000000000       1.100478349711117E-003	10.25    0.0010991852609981987638   
   10.2812500000000       1.096206487586548E-003	10.2813    0.0010948295192517896784   
   10.3125000000000       1.091944935512082E-003	10.3125    0.0010904847592424856175   
   10.3437500000000       1.087693709714639E-003	10.3438    0.0010861509943198118086   
   10.3750000000000       1.083452825949477E-003	10.375    0.0010818282373604821885   
   10.4062500000000       1.079222299508291E-003	10.4063    0.0010775165007772421709   
   10.4375000000000       1.075002145227543E-003	10.4375    0.0010732157965275033209   
   10.4687500000000       1.070792377496286E-003	10.4688    0.0010689261361217739541   
   10.5000000000000       1.066593010264131E-003	10.5    0.0010646475306318896363   
   10.5312500000000       1.062404057048771E-003	10.5313    0.0010603799906990475246   
   10.5625000000000       1.058225530943337E-003	10.5625    0.0010561235265416484443   
   10.5937500000000       1.054057444623955E-003	10.5938    0.0010518781479629505571   
   10.6250000000000       1.049899810356519E-003	10.625    0.0010476438643585384331   
   10.6562500000000       1.045752640003822E-003	10.6563    0.0010434206847236112928   
   10.6875000000000       1.041615945032275E-003	10.6875    0.0010392086176600941452   
   10.7187500000000       1.037489736518615E-003	10.7188    0.0010350076713835754985   
   10.7500000000000       1.033374025156243E-003	10.75    0.0010308178537300752795   
   10.7812500000000       1.029268821261614E-003	10.7813    0.0010266391721626465456   
   10.8125000000000       1.025174134780376E-003	10.8125    0.0010224716337778145338   
   10.8437500000000       1.021089975293427E-003	10.8438    0.0010183152453118565381   
   10.8750000000000       1.017016352022728E-003	10.875    0.0010141700131469260648   
   10.9062500000000       1.012953273837100E-003	10.9063    0.0010100359433170246626   
   10.9375000000000       1.008900749257812E-003	10.9375    0.0010059130415138247825   
   10.9687500000000       1.004858786464000E-003	10.9688    0.0010018013130923469699   
   11.0000000000000       1.000827393298080E-003	11.    0.00099770076307649464508   
   11.0312500000000       9.968065772708872E-004	11.0313    0.00099361139616444968283   
   11.0625000000000       9.927963455667651E-004	11.0625    0.00098953321673393194854   
   11.0937500000000       9.887967050486114E-004	11.0938    0.00098546622884732590538   
   11.1250000000000       9.848076622625841E-004	11.125    0.00098141043625667735576   
   11.1562500000000       9.808292234429112E-004	11.1563    0.00097736584240856333381   
   11.1875000000000       9.768613945164853E-004	11.1875    0.00097333245044883811715   
   11.2187500000000       9.729041811073449E-004	11.2188    0.00096931026322725827877   
   11.2500000000000       9.689575885410747E-004	11.25    0.00096529928330198965218   
   11.2812500000000       9.650216218490671E-004	11.2813    0.00096129951294399903529   
   11.3125000000000       9.610962857726626E-004	11.3125    0.00095731095414133341176   
   11.3437500000000       9.571815847673438E-004	11.3438    0.00095333360860328942109   
   11.3750000000000       9.532775230065499E-004	11.375    0.00094936747776447576231   
   11.4062500000000       9.493841043857132E-004	11.4063    0.00094541256278877116946   
   11.4375000000000       9.455013325258825E-004	11.4375    0.00094146886457318055104   
   11.4687500000000       9.416292107775221E-004	11.4688    0.00093753638375159183958   
   11.5000000000000       9.377677422240525E-004	11.5    0.00093361512069843605220   
   11.5312500000000       9.339169296853737E-004	11.5313    0.00092970507553225301753   
   11.5625000000000       9.300767757213647E-004	11.5625    0.00092580624811916517980   
   11.5937500000000       9.262472826350387E-004	11.5938    0.00092191863807626184646   
   11.6250000000000       9.224284524759789E-004	11.625    0.00091804224477489620143   
   11.6562500000000       9.186202870434322E-004	11.6563    0.00091417706734389736269   
   11.6875000000000       9.148227878894462E-004	11.6875    0.00091032310467269971955   
   11.7187500000000       9.110359563218100E-004	11.7188    0.00090648035541439174217   
   11.7500000000000       9.072597934071665E-004	11.75    0.00090264881798868641360   
   11.7812500000000       9.034942999736500E-004	11.7813    0.00089882849058481539260   
   11.8125000000000       8.997394766139432E-004	11.8125    0.00089501937116434897402   
   11.8437500000000       8.959953236878644E-004	11.8438    0.00089122145746394387273   
   11.8750000000000       8.922618413250745E-004	11.875    0.00088743474699802081629   
   11.9062500000000       8.885390294277037E-004	11.9063    0.00088365923706137389156   
   11.9375000000000       8.848268876728400E-004	11.9375    0.00087989492473171355108   
   11.9687500000000       8.811254155151089E-004	11.9688    0.00087614180687214514566   
   12.0000000000000       8.774346121890172E-004	12.    0.00087239988013358481115   
   12.0312500000000       8.737544767113334E-004	12.0313    0.00086866914095711449929   
   12.0625000000000       8.700850078834285E-004	12.0625    0.00086494958557627790491   
   12.0937500000000       8.664262042935157E-004	12.0938    0.00086124121001931900442   
   12.1250000000000       8.627780643187749E-004	12.125    0.00085754401011136488436   
   12.1562500000000       8.591405861276619E-004	12.1563    0.00085385798147655450206   
   12.1875000000000       8.555137676818689E-004	12.1875    0.00085018311954011498552   
   12.2187500000000       8.518976067384451E-004	12.2188    0.00084651941953038704387   
   12.2500000000000       8.482921008517501E-004	12.25    0.00084286687648080102565   
   12.2812500000000       8.446972473754546E-004	12.2813    0.00083922548523180512777   
   12.3125000000000       8.411130434644318E-004	12.3125    0.00083559524043274722451   
   12.3437500000000       8.375394860766009E-004	12.3438    0.00083197613654371175290   
   12.3750000000000       8.339765719748769E-004	12.375    0.00082836816783731305800   
   12.4062500000000       8.304242977287355E-004	12.4063    0.00082477132840044656982   
   12.4375000000000       8.268826597161217E-004	12.4375    0.00082118561213599915174   
   12.4687500000000       8.233516541251775E-004	12.4688    0.00081761101276451992937   
   12.5000000000000       8.198312769557649E-004	12.5    0.00081404752382585287822   
   12.5312500000000       8.163215240212643E-004	12.5313    0.00081049513868073241821   
   12.5625000000000       8.128223909500482E-004	12.5625    0.00080695385051234323378   
   12.5937500000000       8.093338731870996E-004	12.5938    0.00080342365232784550888   
   12.6250000000000       8.058559659955421E-004	12.625    0.00079990453695986673778   
   12.6562500000000       8.023886644581558E-004	12.6563    0.00079639649706796124427   
   12.6875000000000       7.989319634787931E-004	12.6875    0.00079289952514003851425   
   12.7187500000000       7.954858577838699E-004	12.7188    0.00078941361349376141943   
   12.7500000000000       7.920503419237665E-004	12.75    0.00078593875427791538318   
   12.7812500000000       7.886254102742221E-004	12.7813    0.00078247493947374951324   
   12.8125000000000       7.852110570376340E-004	12.8125    0.00077902216089629070025   
   12.8437500000000       7.818072762444398E-004	12.8438    0.00077558041019563165569   
   12.8750000000000       7.784140617544371E-004	12.875    0.00077214967885819383784   
   12.9062500000000       7.750314072580004E-004	12.9063    0.00076872995820796619003   
   12.9375000000000       7.716593062774625E-004	12.9375    0.00076532123940772059151   
   12.9687500000000       7.682977521681939E-004	12.9688    0.00076192351346020489739   
   13.0000000000000       7.649467381198608E-004	13.    0.00075853677120931442144   
   13.0312500000000       7.616062571577546E-004	13.0313    0.00075516100334124269238   
   13.0625000000000       7.582763021438177E-004	13.0625    0.00075179620038561229240   
   13.0937500000000       7.549568657777734E-004	13.0938    0.00074844235271658656459   
   13.1250000000000       7.516479405984224E-004	13.125    0.00074509945055396295456   
   13.1562500000000       7.483495189846221E-004	13.1563    0.00074176748396424873063   
   13.1875000000000       7.450615931564402E-004	13.1875    0.00073844644286171980612   
   13.2187500000000       7.417841551762199E-004	13.2188    0.00073513631700946336748   
   13.2500000000000       7.385171969496624E-004	13.25    0.00073183709602040499157   
   13.2812500000000       7.352607102268950E-004	13.2813    0.00072854876935832091674   
   13.3125000000000       7.320146866034443E-004	13.3125    0.00072527132633883611262   
   13.3437500000000       7.287791175213362E-004	13.3438    0.00072200475613040877535   
   13.3750000000000       7.255539942700603E-004	13.375    0.00071874904775530185652   
   13.4062500000000       7.223393079875908E-004	13.4063    0.00071550419009054221621   
   13.4375000000000       7.191350496613509E-004	13.4375    0.00071227017186886797311   
   13.4687500000000       7.159412101292039E-004	13.4688    0.00070904698167966460718   
   13.5000000000000       7.127577800803931E-004	13.5    0.00070583460796989035406   
   13.5312500000000       7.095847500565221E-004	13.5313    0.00070263303904499141340   
   13.5625000000000       7.064221104524794E-004	13.5625    0.00069944226306980747751   
   13.5937500000000       7.032698515173514E-004	13.5938    0.00069626226806946807099   
   13.6250000000000       7.001279633553878E-004	13.625    0.00069309304193028017614   
   13.6562500000000       6.969964359268510E-004	13.6563    0.00068993457240060760450   
   13.6875000000000       6.938752590490048E-004	13.6875    0.00068678684709174255945   
   13.7187500000000       6.907644223969333E-004	13.7188    0.00068364985347876982075   
   13.7500000000000       6.876639155044634E-004	13.75    0.00068052357890142396762   
   13.7812500000000       6.845737277650354E-004	13.7813    0.00067740801056494004309   
   13.8125000000000       6.814938484325838E-004	13.8125    0.00067430313554089804892   
   13.8437500000000       6.784242666224309E-004	13.8438    0.00067120894076806164711   
   13.8750000000000       6.753649713120586E-004	13.875    0.00066812541305321143099   
   13.9062500000000       6.723159513420956E-004	13.9063    0.00066505253907197311659   
   13.9375000000000       6.692771954170395E-004	13.9375    0.00066199030536964099212   
   13.9687500000000       6.662486921061952E-004	13.9688    0.00065893869836199695185   
   14.0000000000000       6.632304298444685E-004	14.    0.00065589770433612542852   
   14.0312500000000       6.602223969331889E-004	14.0313    0.00065286730945122452704   
   14.0625000000000       6.572245815410042E-004	14.0625    0.00064984749973941365105   
   14.0937500000000       6.542369717046404E-004	14.0938    0.00064683826110653790279   
   14.1250000000000       6.512595553297335E-004	14.125    0.00064383957933296952612   
   14.1562500000000       6.482923201917036E-004	14.1563    0.00064085144007440665202   
   14.1875000000000       6.453352539365214E-004	14.1875    0.00063787382886266959567   
   14.2187500000000       6.423883440815269E-004	14.2188    0.00063490673110649494424   
   14.2500000000000       6.394515780162290E-004	14.25    0.00063195013209232766486   
   14.2812500000000       6.365249430031742E-004	14.2813    0.00062900401698511145274   
   14.3125000000000       6.336084261786762E-004	14.3125    0.00062606837082907752987   
   14.3437500000000       6.307020145536788E-004	14.3438    0.00062314317854853209632   
   14.3750000000000       6.278056950145297E-004	14.375    0.00062022842494864262665   
   14.4062500000000       6.249194543237588E-004	14.4063    0.00061732409471622319588   
   14.4375000000000       6.220432791209321E-004	14.4375    0.00061443017242051901082   
   14.4687500000000       6.191771559234050E-004	14.4688    0.00061154664251399031462   
   14.5000000000000       6.163210711271358E-004	14.5    0.00060867348933309582415   
   14.5312500000000       6.134750110074657E-004	14.5313    0.00060581069709907585256   
   14.5625000000000       6.106389617199574E-004	14.5625    0.00060295824991873526119   
   14.5937500000000       6.078129093011294E-004	14.5938    0.00060011613178522637842   
   14.6250000000000       6.049968396692853E-004	14.625    0.00059728432657883201514   
   14.6562500000000       6.021907386252821E-004	14.6563    0.00059446281806774870021   
   14.6875000000000       5.993945918533559E-004	14.6875    0.00059165158990887025210   
   14.7187500000000       5.966083849219025E-004	14.7188    0.00058885062564857179645   
   14.7500000000000       5.938321032842309E-004	14.75    0.00058605990872349433297   
   14.7812500000000       5.910657322793943E-004	14.7813    0.00058327942246132994872   
   14.8125000000000       5.883092571330006E-004	14.8125    0.00058050915008160776885   
   14.8437500000000       5.855626629579591E-004	14.8438    0.00057774907469648072988   
   14.8750000000000       5.828259347552779E-004	14.875    0.00057499917931151325519   
   14.9062500000000       5.800990574148704E-004	14.9063    0.00057225944682646990626   
   14.9375000000000       5.773820157163881E-004	14.9375    0.00056952986003610507850   
   14.9687500000000       5.746747943299186E-004	14.9688    0.00056681040163095380458   
   15.0000000000000       5.719773778168776E-004	15.    0.00056410105419812372368   
   15.0312500000000       5.692897506307229E-004	15.0313    0.00056140180022208826966   
   15.0625000000000       5.666118971178351E-004	15.0625    0.00055871262208548112667   
   15.0937500000000       5.639438015182194E-004	15.0938    0.00055603350206989199594   
   15.1250000000000       5.612854479663806E-004	15.125    0.00055336442235666371291   
   15.1562500000000       5.586368204920779E-004	15.1563    0.00055070536502769074969   
   15.1875000000000       5.559979030211381E-004	15.1875    0.00054805631206621913343   
   15.2187500000000       5.533686793762584E-004	15.2188    0.00054541724535764780709   
   15.2500000000000       5.507491332778046E-004	15.25    0.00054278814669033145520   
   15.2812500000000       5.481392483446112E-004	15.2813    0.00054016899775638481330   
   15.3125000000000       5.455390080947647E-004	15.3125    0.00053755978015248847602   
   15.3437500000000       5.429483959464473E-004	15.3438    0.00053496047538069621523   
   15.3750000000000       5.403673952187184E-004	15.375    0.00053237106484924381596   
   15.4062500000000       5.377959891323211E-004	15.4063    0.00052979152987335943481   
   15.4375000000000       5.352341608104903E-004	15.4375    0.00052722185167607548201   
   15.4687500000000       5.326818932797645E-004	15.4688    0.00052466201138904202516   
   15.5000000000000       5.301391694708022E-004	15.5    0.00052211199005334170984   
   15.5312500000000       5.276059722191556E-004	15.5313    0.00051957176862030618911   
   15.5625000000000       5.250822842661378E-004	15.5625    0.00051704132795233405133   
   15.5937500000000       5.225680882596013E-004	15.5938    0.00051452064882371023275   
   15.6250000000000       5.200633667547449E-004	15.625    0.00051200971192142689889   
   15.6562500000000       5.175681022149572E-004	15.6563    0.00050950849784600577611   
   15.6875000000000       5.150822770126099E-004	15.6875    0.00050701698711232191238   
   15.7187500000000       5.126058734298885E-004	15.7188    0.00050453516015042884388   
   15.7500000000000       5.101388736595889E-004	15.75    0.00050206299730638514178   
   15.7812500000000       5.076812598059715E-004	15.7813    0.00049960047884308231145   
   15.8125000000000       5.052330138855510E-004	15.8125    0.00049714758494107401435   
   15.8437500000000       5.027941178279139E-004	15.8438    0.00049470429569940658052   
   15.8750000000000       5.003645534765983E-004	15.875    0.00049227059113645077818   
   15.9062500000000       4.979443025898265E-004	15.9063    0.00048984645119073480465   
   15.9375000000000       4.955333468413978E-004	15.9375    0.00048743185572177846137   
   15.9687500000000       4.931316678215001E-004	15.9688    0.00048502678451092847394   
   16.0000000000000       4.907392470375196E-004	16.    0.00048263121726219491662   
   16.0312500000000       4.883560659148607E-004	16.0313    0.00048024513360308869907   
   16.0625000000000       4.859821057978167E-004	16.0625    0.00047786851308546007185   
   16.0937500000000       4.836173479503601E-004	16.0938    0.00047550133518633810558   
   16.1250000000000       4.812617735569738E-004	16.125    0.00047314357930877109747   
   16.1562500000000       4.789153637234988E-004	16.1563    0.00047079522478266785782   
   16.1875000000000       4.765780994779431E-004	16.1875    0.00046845625086563982746   
   16.2187500000000       4.742499617713354E-004	16.2188    0.00046612663674384397654   
   16.2500000000000       4.719309314785542E-004	16.25    0.00046380636153282643355   
   16.2812500000000       4.696209893991168E-004	16.2813    0.00046149540427836679272   
   16.3125000000000       4.673201162580975E-004	16.3125    0.00045919374395732304690   
   16.3437500000000       4.650282927068676E-004	16.3438    0.00045690135947847709211   
   16.3750000000000       4.627454993240000E-004	16.375    0.00045461822968338074913   
   16.4062500000000       4.604717166160503E-004	16.4063    0.00045234433334720224690   
   16.4375000000000       4.582069250184402E-004	16.4375    0.00045007964917957311138   
   16.4687500000000       4.559511048962449E-004	16.4688    0.00044782415582543540318   
   16.5000000000000       4.537042365450684E-004	16.5    0.00044557783186588924665   
   16.5312500000000       4.514663001918581E-004	16.5313    0.00044334065581904059217   
   16.5625000000000       4.492372759957263E-004	16.5625    0.00044111260614084915336   
   16.5937500000000       4.470171440488231E-004	16.5938    0.00043889366122597645996   
   16.6250000000000       4.448058843771367E-004	16.625    0.00043668379940863396715   
   16.6562500000000       4.426034769413388E-004	16.6563    0.00043448299896343116120   
   16.6875000000000       4.404099016376349E-004	16.6875    0.00043229123810622360139   
   16.7187500000000       4.382251382985865E-004	16.7188    0.00043010849499496083765   
   16.7500000000000       4.360491666939125E-004	16.75    0.00042793474773053414299   
   16.7812500000000       4.338819665314159E-004	16.7813    0.00042576997435762399980   
   16.8125000000000       4.317235174577097E-004	16.8125    0.00042361415286554727865   
   16.8437500000000       4.295737990591286E-004	16.8438    0.00042146726118910404830   
   16.8750000000000       4.274327908625139E-004	16.875    0.00041932927720942395523   
   16.9062500000000       4.253004723360810E-004	16.9063    0.00041720017875481211111   
   16.9375000000000       4.231768228902333E-004	16.9375    0.00041507994360159442655   
   16.9687500000000       4.210618218783968E-004	16.9688    0.00041296854947496232926   
   17.0000000000000       4.189554485978527E-004	17.    0.00041086597404981680511   
   17.0312500000000       4.168576822905667E-004	17.0313    0.00040877219495161170008   
   17.0625000000000       4.147685021440347E-004	17.0625    0.00040668718975719622173   
   17.0937500000000       4.126878872920681E-004	17.0938    0.00040461093599565657852   
   17.1250000000000       4.106158168156841E-004	17.125    0.00040254341114915669554   
   17.1562500000000       4.085522697438798E-004	17.1563    0.00040048459265377794533   
   17.1875000000000       4.064972250544762E-004	17.1875    0.00039843445790035783280   
   17.2187500000000       4.044506616749633E-004	17.2188    0.00039639298423532757317   
   17.2500000000000       4.024125584832998E-004	17.25    0.00039436014896154850224   
   17.2812500000000       4.003828943087304E-004	17.2813    0.00039233592933914725869   
   17.3125000000000       3.983616479326439E-004	17.3125    0.00039032030258634967790   
   17.3437500000000       3.963487980893535E-004	17.3438    0.00038831324588031333768   
   17.3750000000000       3.943443234669485E-004	17.375    0.00038631473635795869611   
   17.4062500000000       3.923482027080909E-004	17.4063    0.00038432475111679876219   
   17.4375000000000       3.903604144108275E-004	17.4375    0.00038234326721576724051   
   17.4687500000000       3.883809371294319E-004	17.4688    0.00038037026167604509123   
   17.5000000000000       3.864097493752103E-004	17.5    0.00037840571148188544718   
   17.5312500000000       3.844468296172879E-004	17.5313    0.00037644959358143683037   
   17.5625000000000       3.824921562834518E-004	17.5625    0.00037450188488756461046   
   17.5937500000000       3.805457077609450E-004	17.5938    0.00037256256227867064827   
   17.6250000000000       3.786074623972598E-004	17.625    0.00037063160259951106782   
   17.6562500000000       3.766773985009895E-004	17.6563    0.00036870898266201210089   
   17.6875000000000       3.747554943425735E-004	17.6875    0.00036679467924608394851   
   17.7187500000000       3.728417281551458E-004	17.7188    0.00036488866910043260437   
   17.7500000000000       3.709360781353014E-004	17.75    0.00036299092894336958550   
   17.7812500000000       3.690385224439278E-004	17.7813    0.00036110143546361951626   
   17.8125000000000       3.671490392069579E-004	17.8125    0.00035922016532112551209   
   17.8437500000000       3.652676065162186E-004	17.8438    0.00035734709514785231000   
   17.8750000000000       3.633942024301655E-004	17.875    0.00035548220154858709346   
   17.9062500000000       3.615288049747264E-004	17.9063    0.00035362546110173795971   
   17.9375000000000       3.596713921440320E-004	17.9375    0.00035177685036012997833   
   17.9687500000000       3.578219419012530E-004	17.9688    0.00034993634585179879022   
   18.0000000000000       3.559804321793596E-004	18.    0.00034810392408078169694   
   18.0312500000000       3.541468408818971E-004	18.0313    0.00034627956152790619083   
   18.0625000000000       3.523211458837683E-004	18.0625    0.00034446323465157587707   
   18.0937500000000       3.505033250320217E-004	18.0938    0.00034265491988855373923   
   18.1250000000000       3.486933561466071E-004	18.125    0.00034085459365474270073   
   18.1562500000000       3.468912170211579E-004	18.1563    0.00033906223234596343510   
   18.1875000000000       3.450968854237501E-004	18.1875    0.00033727781233872937860   
   18.2187500000000       3.433103390976822E-004	18.2188    0.00033550130999101889935   
   18.2500000000000       3.415315557622192E-004	18.25    0.00033373270164304457797   
   18.2812500000000       3.397605131133652E-004	18.2813    0.00033197196361801955501   
   18.3125000000000       3.379971888246234E-004	18.3125    0.00033021907222292090150   
   18.3437500000000       3.362415605477354E-004	18.3438    0.00032847400374924996932   
   18.3750000000000       3.344936059134547E-004	18.375    0.00032673673447378967888   
   18.4062500000000       3.327533025322750E-004	18.4063    0.00032500724065935870224   
   18.4375000000000       3.310206279951861E-004	18.4375    0.00032328549855556250052   
   18.4687500000000       3.292955598744196E-004	18.4688    0.00032157148439954117493   
   18.5000000000000       3.275780757241811E-004	18.5    0.00031986517441671409173   
   18.5312500000000       3.258681530813972E-004	18.5313    0.00031816654482152124181   
   18.5625000000000       3.241657694664414E-004	18.5625    0.00031647557181816129654   
   18.5937500000000       3.224709023838590E-004	18.5938    0.00031479223160132632180   
   18.6250000000000       3.207835293231206E-004	18.625    0.00031311650035693311338   
   18.6562500000000       3.191036277593133E-004	18.6563    0.00031144835426285111705   
   18.6875000000000       3.174311751538882E-004	18.6875    0.00030978776948962689761   
   18.7187500000000       3.157661489553657E-004	18.7188    0.00030813472220120512184   
   18.7500000000000       3.141085266000550E-004	18.75    0.00030648918855564602091   
   18.7812500000000       3.124582855127568E-004	18.7813    0.00030485114470583929860   
   18.8125000000000       3.108154031074879E-004	18.8125    0.00030322056680021445214   
   18.8437500000000       3.091798567881767E-004	18.8438    0.00030159743098344747352   
   18.8750000000000       3.075516239493641E-004	18.875    0.00029998171339716389944   
   18.9062500000000       3.059306819768917E-004	18.9063    0.00029837339018063817899   
   18.9375000000000       3.043170082486301E-004	18.9375    0.00029677243747148932876   
   18.9687500000000       3.027105801351226E-004	18.9688    0.00029517883140637284567   
   19.0000000000000       3.011113750003181E-004	19.    0.00029359254812166884875   
   19.0312500000000       2.995193702022185E-004	19.0313    0.00029201356375416642139   
   19.0625000000000       2.979345430935984E-004	19.0625    0.00029044185444174412662   
   19.0937500000000       2.963568710226263E-004	19.0938    0.00028887739632404666851   
   19.1250000000000       2.947863313335930E-004	19.125    0.00028732016554315767331   
   19.1562500000000       2.932229013675632E-004	19.1563    0.00028577013824426856493   
   19.1875000000000       2.916665584630254E-004	19.1875    0.00028422729057634350966   
   19.2187500000000       2.901172799565631E-004	19.2188    0.00028269159869278040615   
   19.2500000000000       2.885750431835289E-004	19.25    0.00028116303875206789674   
   19.2812500000000       2.870398254786799E-004	19.2813    0.00027964158691843837756   
   19.3125000000000       2.855116041768309E-004	19.3125    0.00027812721936251698481   
   19.3437500000000       2.839903566135204E-004	19.3438    0.00027661991226196653593   
   19.3750000000000       2.824760601256241E-004	19.375    0.00027511964180212840440   
   19.4062500000000       2.809686920520209E-004	19.4063    0.00027362638417665930802   
   19.4375000000000       2.794682297342116E-004	19.4375    0.00027214011558816399104   
   19.4687500000000       2.779746505169646E-004	19.4688    0.00027066081224882378091   
   19.5000000000000       2.764879317489302E-004	19.5    0.00026918845038102100143   
   19.5312500000000       2.750080507832720E-004	19.5313    0.00026772300621795922445   
   19.5625000000000       2.735349849782926E-004	19.5625    0.00026626445600427934300   
   19.5937500000000       2.720687116980305E-004	19.5938    0.00026481277599667144927   
   19.6250000000000       2.706092083129031E-004	19.625    0.00026336794246448250163   
   19.6562500000000       2.691564522002799E-004	19.6563    0.00026192993169031976538   
   19.6875000000000       2.677104207451121E-004	19.6875    0.00026049871997065001244   
   19.7187500000000       2.662710913405228E-004	19.7188    0.00025907428361639446609   
   19.7500000000000       2.648384413884076E-004	19.75    0.00025765659895351947712   
   19.7812500000000       2.634124483000247E-004	19.7813    0.00025624564232362291864   
   19.8125000000000       2.619930894965738E-004	19.8125    0.00025484139008451628716   
   19.8437500000000       2.605803424098023E-004	19.8438    0.00025344381861080249834   
   19.8750000000000       2.591741844825665E-004	19.875    0.00025205290429444936619   
   19.9062500000000       2.577745931694042E-004	19.9063    0.00025066862354535875529   
   19.9375000000000       2.563815459371279E-004	19.9375    0.00024929095279193139597   
   19.9687500000000       2.549950202653742E-004	19.9688    0.00024791986848162735307   
   20.0000000000000       2.536149936471803E-004	20.    0.00024655534708152213947   
