# t                       norm_latt                     t                  norm_cont
  0.00000000              0.0000000000000000000         0.00000000   0.00237471524161729
  3.125000000000000E-002  1.763055495227045E-004	0.03125   0.0023746941992427320579   
  6.250000000000000E-002  5.086844059298747E-004	0.0625   0.0023746676373306865077   
  9.375000000000000E-002  8.457842892942236E-004	0.09375   0.0023746135846493179344   
  0.125000000000000       1.136710493744525E-003	0.125   0.0023745353228044956795   
  0.156250000000000       1.371467083739490E-003	0.15625   0.0023744342249059390343   
  0.187500000000000       1.555084960627161E-003	0.1875   0.0023743105905485286771   
  0.218750000000000       1.696789947086549E-003	0.21875   0.0023741644680515230560   
  0.250000000000000       1.805787358077465E-003	0.25   0.0023739958640648904009   
  0.281250000000000       1.889876360326849E-003	0.28125   0.0023738047794203673342   
  0.312500000000000       1.955210928911603E-003	0.3125   0.0023735912142155485352   
  0.343750000000000       2.006475376142303E-003	0.34375   0.0023733551684613741015   
  0.375000000000000       2.047168878335697E-003	0.375   0.0023730966421590289703   
  0.406250000000000       2.079881403106359E-003	0.40625   0.0023728156353086380914   
  0.437500000000000       2.106523718844954E-003	0.4375   0.0023725121479102143604   
  0.468750000000000       2.128506447710602E-003	0.46875   0.0023721861799637590851   
  0.500000000000000       2.146874532740869E-003	0.5   0.0023718377314692723960   
  0.531250000000000       2.162406230837243E-003	0.53125   0.0023714668024267543062   
  0.562500000000000       2.175685199494167E-003	0.5625   0.0023710733928362048169   
  0.593750000000000       2.187152707959322E-003	0.59375   0.0023706575026976239282   
  0.625000000000000       2.197145384899965E-003	0.625   0.0023702191320110116401   
  0.656250000000000       2.205922527347123E-003	0.65625   0.0023697582807763679526   
  0.687500000000000       2.213685905568576E-003	0.6875   0.0023692749489936928657   
  0.718750000000000       2.220594179526045E-003	0.71875   0.0023687691366629863794   
  0.750000000000000       2.226773442798243E-003	0.75   0.0023682408437842484937   
  0.781250000000000       2.232324977005736E-003	0.78125   0.0023676900703574792086   
  0.812500000000000       2.237330990185068E-003	0.8125   0.0023671168163826785241   
  0.843750000000000       2.241858891989670E-003	0.84375   0.0023665210818598464403   
  0.875000000000000       2.245964501877834E-003	0.875   0.0023659028667889829570   
  0.906250000000000       2.249694474999740E-003	0.90625   0.0023652621711700880744   
  0.937500000000000       2.253088151175522E-003	0.9375   0.0023645989950031617924   
  0.968750000000000       2.256178975792571E-003	0.96875   0.0023639133382882041111   
   1.00000000000000       2.258995600972223E-003	1.   0.0023632052010252150306   
   1.03125000000000       2.261562746256543E-003	1.03125   0.0023624745832141945518   
   1.06250000000000       2.263901877165493E-003	1.0625   0.0023617214848551426772   
   1.09375000000000       2.266031744760492E-003	1.09375   0.0023609459059480594143   
   1.12500000000000       2.267968818350665E-003	1.125   0.0023601478464929447852   
   1.15625000000000       2.269727635401834E-003	1.15625   0.0023593273064897988488   
   1.18750000000000       2.271321086789833E-003	1.1875   0.0023584842859386217545   
   1.21875000000000       2.272760651163858E-003	1.21875   0.0023576187848394138616   
   1.25000000000000       2.274056588950989E-003	1.25   0.0023567308031921759929   
   1.28125000000000       2.275218104092806E-003	1.28125   0.0023558203409969099478   
   1.31250000000000       2.276253479788391E-003	1.3125   0.0023548873982536195012   
   1.34375000000000       2.277170193152339E-003	1.34375   0.0023539319749623122680   
   1.37500000000000       2.277975012622773E-003	1.375   0.0023529540711230030644   
   1.40625000000000       2.278674081199581E-003	1.40625   0.0023519536867357197625   
   1.43750000000000       2.279272987905262E-003	1.4375   0.0023509308218005131756   
   1.46875000000000       2.279776829462604E-003	1.46875   0.0023498854763174732670   
   1.50000000000000       2.280190263748394E-003	1.5   0.0023488176502867550154   
   1.53125000000000       2.280517556307053E-003	1.53125   0.0023477273437086186511   
   1.56250000000000       2.280762621003641E-003	1.5625   0.0023466145565834907790   
   1.59375000000000       2.280929055646890E-003	1.59375   0.0023454792889120551860   
   1.62500000000000       2.281020173348626E-003	1.625   0.0023443215406953849635   
   1.65625000000000       2.281039030177261E-003	1.65625   0.0023431413119351310129   
   1.68750000000000       2.280988449646660E-003	1.6875   0.0023419386026337860950   
   1.71875000000000       2.280871044440867E-003	1.71875   0.0023407134127950483468   
   1.75000000000000       2.280689235745798E-003	1.75   0.0023394657424243136464   
   1.78125000000000       2.280445270489689E-003	1.78125   0.0023381955915293323243   
   1.81250000000000       2.280141236759855E-003	1.8125   0.0023369029601210724695   
   1.84375000000000       2.279779077610355E-003	1.84375   0.0023355878482148393779   
   1.87500000000000       2.279360603464248E-003	1.875   0.0023342502558317084610   
   1.90625000000000       2.278887503264616E-003	1.90625   0.0023328901830003370335   
   1.93750000000000       2.278361354534455E-003	1.9375   0.0023315076297592287012   
   1.96875000000000       2.277783632449341E-003	1.96875   0.0023301025961595324102   
   2.00000000000000       2.277155718058857E-003	2.   0.0023286750822684664115   
   2.03125000000000       2.276478905725959E-003	2.03125   0.0023272250881734652611   
   2.06250000000000       2.275754409886235E-003	2.0625   0.0023257526139871553288   
   2.09375000000000       2.274983371192343E-003	2.09375   0.0023242576598532709237   
   2.12500000000000       2.274166862105550E-003	2.125   0.0023227402259536289019   
   2.15625000000000       2.273305892002689E-003	2.15625   0.0023212003125162843086   
   2.18750000000000       2.272401411834934E-003	2.1875   0.0023196379198249930873   
   2.21875000000000       2.271454318393560E-003	2.21875   0.0023180530482301100211   
   2.25000000000000       2.270465458215158E-003	2.25   0.0023164456981610507467   
   2.28125000000000       2.269435631164420E-003	2.28125   0.0023148158701404458244   
   2.31250000000000       2.268365593729847E-003	2.3125   0.0023131635648001123968   
   2.34375000000000       2.267256062045055E-003	2.34375   0.0023114887828989649020   
   2.37500000000000       2.266107714685780E-003	2.375   0.0023097915253429806341   
   2.40625000000000       2.264921195238609E-003	2.40625   0.0023080717932073286824   
   2.43750000000000       2.263697114676511E-003	2.4375   0.0023063295877607620131   
   2.46875000000000       2.262436053556993E-003	2.46875   0.0023045649104923622391   
   2.50000000000000       2.261138564055623E-003	2.5   0.0023027777631407150920   
   2.53125000000000       2.259805171849883E-003	2.53125   0.0023009681477255818657   
   2.56250000000000       2.258436377869893E-003	2.5625   0.0022991360665821183021   
   2.59375000000000       2.257032659922810E-003	2.59375   0.0022972815223976776873   
   2.62500000000000       2.255594474204504E-003	2.625   0.0022954045182512194875   
   2.65625000000000       2.254122256706594E-003	2.65625   0.0022935050576553288472   
   2.68750000000000       2.252616424529902E-003	2.6875   0.0022915831446008358855   
   2.71875000000000       2.251077377107491E-003	2.71875   0.0022896387836040071161   
   2.75000000000000       2.249505497347361E-003	2.75   0.0022876719797562646835   
   2.78125000000000       2.247901152704271E-003	2.78125   0.0022856827387763725932   
   2.81250000000000       2.246264696177420E-003	2.8125   0.0022836710670650129021   
   2.84375000000000       2.244596467250350E-003	2.84375   0.0022816369717616590654   
   2.87500000000000       2.242896792767669E-003	2.875   0.0022795804608036384570   
   2.90625000000000       2.241165987762342E-003	2.90625   0.0022775015429872616169   
   2.93750000000000       2.239404356227212E-003	2.9375   0.0022754002280308821515   
   2.96875000000000       2.237612191845715E-003	2.96875   0.0022732765266397385205   
   3.00000000000000       2.235789778674835E-003	3.   0.0022711304505724172739   
   3.03125000000000       2.233937391790692E-003	3.03125   0.0022689620127087667362   
   3.06250000000000       2.232055297895412E-003	3.0625   0.0022667712271190807154   
   3.09375000000000       2.230143755888968E-003	3.09375   0.0022645581091343636017   
   3.12500000000000       2.228203017408059E-003	3.125   0.0022623226754174812373   
   3.15625000000000       2.226233327336029E-003	3.15625   0.0022600649440349962008   
   3.18750000000000       2.224234924282831E-003	3.1875   0.0022577849345294816649   
   3.21875000000000       2.222208041038186E-003	3.21875   0.0022554826679921047469   
   3.25000000000000       2.220152904999473E-003	3.25   0.0022531581671352682598   
   3.28125000000000       2.218069738578767E-003	3.28125   0.0022508114563650989540   
   3.31250000000000       2.215958759580765E-003	3.3125   0.0022484425618535706918   
   3.34375000000000       2.213820181567739E-003	3.34375   0.0022460515116100524589   
   3.37500000000000       2.211654214201458E-003	3.375   0.0022436383355520736508   
   3.40625000000000       2.209461063563014E-003	3.40625   0.0022412030655751026109   
   3.43750000000000       2.207240932459051E-003	3.4375   0.0022387457356211388845   
   3.46875000000000       2.204994020712105E-003	3.46875   0.0022362663817459250223   
   3.50000000000000       2.202720525430337E-003	3.5   0.0022337650421845899466   
   3.53125000000000       2.200420641267008E-003	3.53125   0.0022312417574155428151   
   3.56250000000000       2.198094560661331E-003	3.5625   0.0022286965702224439091   
   3.59375000000000       2.195742474069508E-003	3.59375   0.0022261295257540872616   
   3.62500000000000       2.193364570181847E-003	3.625   0.0022235406715820384503   
   3.65625000000000       2.190961036123596E-003	3.65625   0.0022209300577558801467   
   3.68750000000000       2.188532057650097E-003	3.6875   0.0022182977368559275567   
   3.71875000000000       2.186077819327320E-003	3.71875   0.0022156437640432857471   
   3.75000000000000       2.183598504700606E-003	3.75   0.0022129681971071309542   
   3.78125000000000       2.181094296456150E-003	3.78125   0.0022102710965091082615   
   3.81250000000000       2.178565376570225E-003	3.8125   0.0022075525254247484337   
   3.84375000000000       2.176011926450165E-003	3.84375   0.0022048125497818171676   
   3.87500000000000       2.173434127066236E-003	3.875   0.0022020512382955204956   
   3.90625000000000       2.170832159073655E-003	3.90625   0.0021992686625005005075   
   3.93750000000000       2.168206202928869E-003	3.9375   0.0021964648967795658982   
   3.96875000000000       2.165556438995263E-003	3.96875   0.0021936400183891120501   
   4.00000000000000       2.162883047642591E-003	4.   0.0021907941074811953856   
   4.03125000000000       2.160186209339501E-003	4.03125   0.0021879272471222365346   
   4.06250000000000       2.157466104737523E-003	4.0625   0.0021850395233083364252   
   4.09375000000000       2.154722914749710E-003	4.09375   0.0021821310249771986889   
   4.12500000000000       2.151956820623131E-003	4.125   0.0021792018440166607502   
   4.15625000000000       2.149168004003331E-003	4.15625   0.0021762520752698446220   
   4.18750000000000       2.146356646994474E-003	4.1875   0.0021732818165369467278   
   4.21875000000000       2.143522932213610E-003	4.21875   0.0021702911685736940106   
   4.25000000000000       2.140667042838770E-003	4.25   0.0021672802350865011414   
   4.28125000000000       2.137789162653059E-003	4.28125   0.0021642491227243708099   
   4.31250000000000       2.134889476082124E-003	4.3125   0.0021611979410675858431   
   4.34375000000000       2.131968168227535E-003	4.34375   0.0021581268026132482596   
   4.37500000000000       2.129025424897579E-003	4.375   0.0021550358227577263189   
   4.40625000000000       2.126061432629172E-003	4.40625   0.0021519251197760761653   
   4.43750000000000       2.123076378710788E-003	4.4375   0.0021487948147985097957   
   4.46875000000000       2.120070451196407E-003	4.46875   0.0021456450317839858027   
   4.50000000000000       2.117043838920277E-003	4.5   0.0021424758974910036629   
   4.53125000000000       2.113996731504155E-003	4.53125   0.0021392875414456862571   
   4.56250000000000       2.110929319363537E-003	4.5625   0.0021360800959072388366   
   4.59375000000000       2.107841793709554E-003	4.59375   0.0021328536958308757954   
   4.62500000000000       2.104734346547652E-003	4.625   0.0021296084788283093708   
   4.65625000000000       2.101607170673890E-003	4.65625   0.0021263445851258968058   
   4.68750000000000       2.098460459667562E-003	4.6875   0.0021230621575205445512   
   4.71875000000000       2.095294407881979E-003	4.71875   0.0021197613413334697983   
   4.75000000000000       2.092109210432113E-003	4.75   0.0021164422843619210114   
   4.78125000000000       2.088905063180044E-003	4.78125   0.0021131051368289601926   
   4.81250000000000       2.085682162717480E-003	4.8125   0.0021097500513314103715   
   4.84375000000000       2.082440706347795E-003	4.84375   0.0021063771827860722847   
   4.87500000000000       2.079180892064276E-003	4.875   0.0021029866883743144021   
   4.90625000000000       2.075902918526979E-003	4.90625   0.0020995787274851403943   
   4.93750000000000       2.072606985038302E-003	4.9375   0.0020961534616568378164   
   4.96875000000000       2.069293291516880E-003	4.96875   0.0020927110545173112405   
   5.00000000000000       2.065962038468736E-003	5.   0.0020892516717232022958   
   5.03125000000000       2.062613426959244E-003	5.03125   0.0020857754808978981072   
   5.06250000000000       2.059247658580834E-003	5.0625   0.0020822826515685284525   
   5.09375000000000       2.055864935422684E-003	5.09375   0.0020787733551020506184   
   5.12500000000000       2.052465460035994E-003	5.125   0.0020752477646405194204   
   5.15625000000000       2.049049435401318E-003	5.15625   0.0020717060550356381955   
   5.18750000000000       2.045617064893012E-003	5.1875   0.0020681484027826847680   
   5.21875000000000       2.042168552243143E-003	5.21875   0.0020645749859539044648   
   5.25000000000000       2.038704101505329E-003	5.25   0.0020609859841314602056   
   5.28125000000000       2.035223917017236E-003	5.28125   0.0020573815783400275497   
   5.31250000000000       2.031728203362713E-003	5.3125   0.0020537619509791203332   
   5.34375000000000       2.028217165333612E-003	5.34375   0.0020501272857552302102   
   5.37500000000000       2.024691007890729E-003	5.375   0.0020464777676138610125   
   5.40625000000000       2.021149936124973E-003	5.40625   0.0020428135826715363845   
   5.43750000000000       2.017594155217821E-003	5.4375   0.0020391349181478566402   
   5.46875000000000       2.014023870401369E-003	5.46875   0.0020354419622976782318   
   5.50000000000000       2.010439286919063E-003	5.5   0.0020317349043434866330   
   5.53125000000000       2.006840609985699E-003	5.53125   0.0020280139344080308220   
   5.56250000000000       2.003228044747075E-003	5.5625   0.0020242792434472849127   
   5.59375000000000       1.999601796240522E-003	5.59375   0.0020205310231837998380   
   5.62500000000000       1.995962069354794E-003	5.625   0.0020167694660405053335   
   5.65625000000000       1.992309068790655E-003	5.65625   0.0020129947650750198216   
   5.68750000000000       1.988642999021688E-003	5.6875   0.0020092071139145231504   
   5.71875000000000       1.984964064253585E-003	5.71875   0.0020054067066912445120   
   5.75000000000000       1.981272468387154E-003	5.75   0.0020015937379786152545   
   5.78125000000000       1.977568414978343E-003	5.78125   0.0019977684027281337096   
   5.81250000000000       1.973852107199618E-003	5.8125   0.0019939308962069865999   
   5.84375000000000       1.970123747803375E-003	5.84375   0.0019900814139364690599   
   5.87500000000000       1.966383539083500E-003	5.875   0.0019862201516312428097   
   5.90625000000000       1.962631682838201E-003	5.90625   0.0019823473051394695690   
   5.93750000000000       1.958868380333857E-003	5.9375   0.0019784630703838543849   
   5.96875000000000       1.955093832268892E-003	5.96875   0.0019745676433036311814   
   6.00000000000000       1.951308238738408E-003	6.   0.0019706612197975205205   
   6.03125000000000       1.947511799198806E-003	6.03125   0.0019667439956676872950   
   6.06250000000000       1.943704712434203E-003	6.0625   0.0019628161665647238582   
   6.09375000000000       1.939887176522335E-003	6.09375   0.0019588779279336819312   
   6.12500000000000       1.936059388801262E-003	6.125   0.0019549294749611745262   
   6.15625000000000       1.932221545837643E-003	6.15625   0.0019509710025235670675   
   6.18750000000000       1.928373843394822E-003	6.1875   0.0019470027051362749079   
   6.21875000000000       1.924516476401130E-003	6.21875   0.0019430247769041824980   
   6.25000000000000       1.920649638921253E-003	6.25   0.0019390374114731975967   
   6.28125000000000       1.916773524124589E-003	6.28125   0.0019350408019829520964   
   6.31250000000000       1.912888324258124E-003	6.3125   0.0019310351410206592839   
   6.34375000000000       1.908994230617773E-003	6.34375   0.0019270206205761356640   
   6.37500000000000       1.905091433520823E-003	6.375   0.0019229974319979938433   
   6.40625000000000       1.901180122279532E-003	6.40625   0.0019189657659510113996   
   6.43750000000000       1.897260485175648E-003	6.4375   0.0019149258123746791506   
   6.46875000000000       1.893332709434848E-003	6.46875   0.0019108777604429307867   
   6.50000000000000       1.889396981202839E-003	6.5   0.0019068217985250544406   
   6.53125000000000       1.885453485522120E-003	6.53125   0.0019027581141477854329   
   6.56250000000000       1.881502406308777E-003	6.5625   0.0018986868939585781623   
   6.59375000000000       1.877543926331013E-003	6.59375   0.0018946083236900538897   
   6.62500000000000       1.873578227187511E-003	6.625   0.0018905225881256200081   
   6.65625000000000       1.869605489287917E-003	6.65625   0.0018864298710662552848   
   6.68750000000000       1.865625891832699E-003	6.6875   0.0018823303552984545172   
   6.71875000000000       1.861639612793946E-003	6.71875   0.0018782242225633250451   
   6.75000000000000       1.857646828899149E-003	6.75   0.0018741116535268266237   
   6.78125000000000       1.853647715611395E-003	6.78125   0.0018699928277511452706   
   6.81250000000000       1.849642447115188E-003	6.8125   0.0018658679236671908610   
   6.84375000000000       1.845631196299321E-003	6.84375   0.0018617371185482074559   
   6.87500000000000       1.841614134742577E-003	6.875   0.0018576005884844846071   
   6.90625000000000       1.837591432699352E-003	6.90625   0.0018534585083591571871   
   6.93750000000000       1.833563259086028E-003	6.9375   0.0018493110518250806457   
   6.96875000000000       1.829529781468688E-003	6.96875   0.0018451583912827679899   
   7.00000000000000       1.825491166050358E-003	7.   0.0018410006978593742222   
   7.03125000000000       1.821447577660576E-003	7.03125   0.0018368381413887134552   
   7.06250000000000       1.817399179744116E-003	7.0625   0.0018326708903922934429   
   7.09375000000000       1.813346134351409E-003	7.09375   0.0018284991120613518265   
   7.12500000000000       1.809288602129277E-003	7.125   0.0018243229722398779978   
   7.15625000000000       1.805226742312304E-003	7.15625   0.0018201426354086041141   
   7.18750000000000       1.801160712715119E-003	7.1875   0.0018159582646699484739   
   7.21875000000000       1.797090669725073E-003	7.21875   0.0018117700217338941662   
   7.25000000000000       1.793016768295672E-003	7.25   0.0018075780669047856469   
   7.28125000000000       1.788939161940629E-003	7.28125   0.0018033825590690256656   
   7.31250000000000       1.784858002728499E-003	7.3125   0.0017991836556836547665   
   7.34375000000000       1.780773441278163E-003	7.34375   0.0017949815127657954195   
   7.37500000000000       1.776685626754482E-003	7.375   0.0017907762848829426940   
   7.40625000000000       1.772594706864963E-003	7.40625   0.0017865681251440832743   
   7.43750000000000       1.768500827856397E-003	7.4375   0.0017823571851916245257   
   7.46875000000000       1.764404134513133E-003	7.46875   0.0017781436151941152582   
   7.50000000000000       1.760304770154535E-003	7.5   0.0017739275638397397901   
   7.53125000000000       1.756202876634120E-003	7.53125   0.0017697091783305668985   
   7.56250000000000       1.752098594338621E-003	7.5625   0.0017654886043775352456   
   7.59375000000000       1.747992062187588E-003	7.59375   0.0017612659861961568905   
   7.62500000000000       1.743883417633869E-003	7.625   0.0017570414665029205427   
   7.65625000000000       1.739772796664000E-003	7.65625   0.0017528151865123762689   
   7.68750000000000       1.735660333799701E-003	7.6875   0.0017485872859348834462   
   7.71875000000000       1.731546162099173E-003	7.71875   0.0017443579029750038481   
   7.75000000000000       1.727430413159435E-003	7.75   0.0017401271743305218555   
   7.78125000000000       1.723313217118855E-003	7.78125   0.0017358952351920739157   
   7.81250000000000       1.719194702659771E-003	7.8125   0.0017316622192433695019   
   7.84375000000000       1.715074997012244E-003	7.84375   0.0017274282586619859831   
   7.87500000000000       1.710954225957499E-003	7.875   0.0017231934841207199703   
   7.90625000000000       1.706832513832413E-003	7.90625   0.0017189580247894778848   
   7.93750000000000       1.702709983533445E-003	7.9375   0.0017147220083376886719   
   7.96875000000000       1.698586756522256E-003	7.96875   0.0017104855609372217812   
   8.00000000000000       1.694462952830217E-003	8.   0.0017062488072657937364   
   8.03125000000000       1.690338691064367E-003	8.03125   0.0017020118705108468268   
   8.06250000000000       1.686214088413522E-003	8.0625   0.0016977748723738836725   
   8.09375000000000       1.682089260653796E-003	8.09375   0.0016935379330752416420   
   8.12500000000000       1.677964322155740E-003	8.125   0.0016893011713592913285   
   8.15625000000000       1.673839385890639E-003	8.15625   0.0016850647045000435348   
   8.18750000000000       1.669714563438333E-003	8.1875   0.0016808286483071494551   
   8.21875000000000       1.665589964993638E-003	8.21875   0.0016765931171322789906   
   8.25000000000000       1.661465699374594E-003	8.25   0.0016723582238758623896   
   8.28125000000000       1.657341874030249E-003	8.28125   0.0016681240799941806562   
   8.31250000000000       1.653218595048470E-003	8.3125   0.0016638907955067904305   
   8.34375000000000       1.649095967164742E-003	8.34375   0.0016596584790042693064   
   8.37500000000000       1.644974093770141E-003	8.375   0.0016554272376562678146   
   8.40625000000000       1.640853076920750E-003	8.40625   0.0016511971772198545665   
   8.43750000000000       1.636733017345953E-003	8.4375   0.0016469684020481413190   
   8.46875000000000       1.632614014458259E-003	8.46875   0.0016427410150991749922   
   8.50000000000000       1.628496166361914E-003	8.5   0.0016385151179450839367   
   8.53125000000000       1.624379569863063E-003	8.53125   0.0016342908107814660217   
   8.56250000000000       1.620264320478994E-003	8.5625   0.0016300681924370063798   
   8.59375000000000       1.616150512448076E-003	8.59375   0.0016258473603833129189   
   8.62500000000000       1.612038238739853E-003	8.625   0.0016216284107449579753   
   8.65625000000000       1.607927591064807E-003	8.65625   0.0016174114383097147550   
   8.68750000000000       1.603818659885043E-003	8.6875   0.0016131965365389774760   
   8.71875000000000       1.599711534424312E-003	8.71875   0.0016089837975783543871   
   8.75000000000000       1.595606302678341E-003	8.75   0.0016047733122684231106   
   8.78125000000000       1.591503051425943E-003	8.78125   0.0016005651701556380098   
   8.81250000000000       1.587401866239110E-003	8.8125   0.0015963594595033795529   
   8.84375000000000       1.583302831493959E-003	8.84375   0.0015921562673031358949   
   8.87500000000000       1.579206030381787E-003	8.875   0.0015879556792858071627   
   8.90625000000000       1.575111544919556E-003	8.90625   0.0015837577799331231781   
   8.93750000000000       1.571019455961307E-003	8.9375   0.0015795626524891656084   
   8.96875000000000       1.566929843208794E-003	8.96875   0.0015753703789719857804   
   9.00000000000000       1.562842785222812E-003	9.   0.0015711810401853096422   
   9.03125000000000       1.558758359434318E-003	9.03125   0.0015669947157303215985   
   9.06250000000000       1.554676642155530E-003	9.0625   0.0015628114840175191861   
   9.09375000000000       1.550597708591226E-003	9.09375   0.0015586314222786307938   
   9.12500000000000       1.546521632849986E-003	9.125   0.0015544546065785888622   
   9.15625000000000       1.542448487955304E-003	9.15625   0.0015502811118275512326   
   9.18750000000000       1.538378345857144E-003	9.1875   0.0015461110117929635380   
   9.21875000000000       1.534311277443064E-003	9.21875   0.0015419443791116557550   
   9.25000000000000       1.530247352549686E-003	9.25   0.0015377812853019662531   
   9.28125000000000       1.526186639973784E-003	9.28125   0.0015336218007758868968   
   9.31250000000000       1.522129207483842E-003	9.3125   0.0015294659948512229653   
   9.34375000000000       1.518075121831258E-003	9.34375   0.0015253139357637618667   
   9.37500000000000       1.514024448761733E-003	9.375   0.0015211656906794448275   
   9.40625000000000       1.509977253026267E-003	9.40625   0.0015170213257065359378   
   9.43750000000000       1.505933598393022E-003	9.4375   0.0015128809059077831356   
   9.46875000000000       1.501893547658001E-003	9.46875   0.0015087444953125659006   
   9.50000000000000       1.497857162656505E-003	9.5   0.0015046121569290246245   
   9.53125000000000       1.493824504274484E-003	9.53125   0.0015004839527561668072   
   9.56250000000000       1.489795632459350E-003	9.5625   0.0014963599437959454121   
   9.59375000000000       1.485770606231446E-003	9.59375   0.0014922401900653048936   
   9.62500000000000       1.481749483694919E-003	9.625   0.0014881247506081905825   
   9.65625000000000       1.477732322048888E-003	9.65625   0.0014840136835075172895   
   9.68750000000000       1.473719177598293E-003	9.6875   0.0014799070458970931509   
   9.71875000000000       1.469710105765101E-003	9.71875   0.0014758048939734949083   
   9.75000000000000       1.465705161098852E-003	9.75   0.0014717072830078909700   
   9.78125000000000       1.461704397287797E-003	9.78125   0.0014676142673578087624   
   9.81250000000000       1.457707867169600E-003	9.8125   0.0014635259004788430291   
   9.84375000000000       1.453715622741914E-003	9.84375   0.0014594422349363018859   
   9.87500000000000       1.449727715173177E-003	9.875   0.0014553633224167875858   
   9.90625000000000       1.445744194813258E-003	9.90625   0.0014512892137397090885   
   9.93750000000000       1.441765111203758E-003	9.9375   0.0014472199588687236697   
   9.96875000000000       1.437790513088864E-003	9.96875   0.0014431556069231049369   
   10.0000000000000       1.433820448425169E-003	10.   0.0014390962061890347535   
   10.0312500000000       1.429854964392575E-003	10.0313   0.0014350418041308166987   
   10.0625000000000       1.425894107404079E-003	10.0625   0.0014309924474020088156   
   10.0937500000000       1.421937923116157E-003	10.0938   0.0014269481818564735220   
   10.1250000000000       1.417986456438757E-003	10.125   0.0014229090525593426761   
   10.1562500000000       1.414039751545415E-003	10.1563   0.0014188751037978959029   
   10.1875000000000       1.410097851883017E-003	10.1875   0.0014148463790923504013   
   10.2187500000000       1.406160800181754E-003	10.2188   0.0014108229212065605572   
   10.2500000000000       1.402228638464842E-003	10.25   0.0014068047721586257957   
   10.2812500000000       1.398301408058120E-003	10.2813   0.0014027919732314052069   
   10.3125000000000       1.394379149599849E-003	10.3125   0.0013987845649829375786   
   10.3437500000000       1.390461903049807E-003	10.3438   0.0013947825872567655664   
   10.3750000000000       1.386549707699148E-003	10.375   0.0013907860791921628244   
   10.4062500000000       1.382642602179461E-003	10.4063   0.0013867950792342630121   
   10.4375000000000       1.378740624472031E-003	10.4375   0.0013828096251440896772   
   10.4687500000000       1.374843811916948E-003	10.4688   0.0013788297540084861041   
   10.5000000000000       1.370952201222300E-003	10.5   0.0013748555022499442955   
   10.5312500000000       1.367065828472966E-003	10.5313   0.0013708869056363323382   
   10.5625000000000       1.363184729139513E-003	10.5625   0.0013669239992905194782   
   10.5937500000000       1.359308938087095E-003	10.5938   0.0013629668176998983073   
   10.6250000000000       1.355438489583874E-003	10.625   0.0013590153947258035338   
   10.6562500000000       1.351573417309898E-003	10.6563   0.0013550697636128268820   
   10.6875000000000       1.347713754365336E-003	10.6875   0.0013511299569980277278   
   10.7187500000000       1.343859533279073E-003	10.7188   0.0013471960069200391502   
   10.7500000000000       1.340010786016798E-003	10.75   0.0013432679448280691331   
   10.7812500000000       1.336167543989442E-003	10.7813   0.0013393458015907967185   
   10.8125000000000       1.332329838061053E-003	10.8125   0.0013354296075051629678   
   10.8437500000000       1.328497698557105E-003	10.8438   0.0013315193923050566442   
   10.8750000000000       1.324671155272042E-003	10.875   0.0013276151851698945845   
   10.9062500000000       1.320850237477479E-003	10.9063   0.0013237170147330967786   
   10.9375000000000       1.317034973929713E-003	10.9375   0.0013198249090904562290   
   10.9687500000000       1.313225392877321E-003	10.9688   0.0013159388958084037056   
   11.0000000000000       1.309421522068913E-003	11.   0.0013120590019321675624   
   11.0312500000000       1.305623388760379E-003	11.0313   0.0013081852539938288232   
   11.0625000000000       1.301831019722426E-003	11.0625   0.0013043176780202717898   
   11.0937500000000       1.298044441247632E-003	11.0938   0.0013004562995410304634   
   11.1250000000000       1.294263679157686E-003	11.125   0.0012966011435960311117   
   11.1562500000000       1.290488758810802E-003	11.1563   0.0012927522347432313512   
   11.1875000000000       1.286719705107902E-003	11.1875   0.0012889095970661561498   
   11.2187500000000       1.282956542500474E-003	11.2188   0.0012850732541813311894   
   11.2500000000000       1.279199294996587E-003	11.25   0.0012812432292456140602   
   11.2812500000000       1.275447986168045E-003	11.2813   0.0012774195449634237922   
   11.3125000000000       1.271702639156854E-003	11.3125   0.0012736022235938692561   
   11.3437500000000       1.267963276681697E-003	11.3438   0.0012697912869577769966   
   11.3750000000000       1.264229921044523E-003	11.375   0.0012659867564446190871   
   11.4062500000000       1.260502594136754E-003	11.4063   0.0012621886530193416217   
   11.4375000000000       1.256781317445457E-003	11.4375   0.0012583969972290944829   
   11.4687500000000       1.253066112059963E-003	11.4688   0.0012546118092098630489   
   11.5000000000000       1.249356998677346E-003	11.5   0.0012508331086930025253   
   11.5312500000000       1.245653997608721E-003	11.5313   0.0012470609150116756060   
   11.5625000000000       1.241957128785263E-003	11.5625   0.0012432952471071941895   
   11.5937500000000       1.238266411763748E-003	11.5938   0.0012395361235352658952   
   11.6250000000000       1.234581865732585E-003	11.625   0.0012357835624721461387   
   11.6562500000000       1.230903509517144E-003	11.6563   0.0012320375817206965469   
   11.6875000000000       1.227231361585618E-003	11.6875   0.0012282981987163505037   
   11.7187500000000       1.223565440054311E-003	11.7188   0.0012245654305329866356   
   11.7500000000000       1.219905762693135E-003	11.75   0.0012208392938887110572   
   11.7812500000000       1.216252346930897E-003	11.7813   0.0012171198051515492107   
   11.8125000000000       1.212605209860503E-003	11.8125   0.0012134069803450481451   
   11.8437500000000       1.208964368244304E-003	11.8438   0.0012097008351537900907   
   11.8750000000000       1.205329838518798E-003	11.875   0.0012060013849288181938   
   11.9062500000000       1.201701636800066E-003	11.9063   0.0012023086446929752900   
   11.9375000000000       1.198079778888338E-003	11.9375   0.0011986226291461565952   
   11.9687500000000       1.194464280273069E-003	11.9688   0.0011949433526704772094   
   12.0000000000000       1.190855156137603E-003	12.   0.0011912708293353553284   
   12.0312500000000       1.187252421363862E-003	12.0313   0.0011876050729025120691   
   12.0625000000000       1.183656090537025E-003	12.0625   0.0011839460968308888169   
   12.0937500000000       1.180066177950001E-003	12.0938   0.0011802939142814830106   
   12.1250000000000       1.176482697607932E-003	12.125   0.0011766485381221032823   
   12.1562500000000       1.172905663232578E-003	12.1563   0.0011730099809320448753   
   12.1875000000000       1.169335088266706E-003	12.1875   0.0011693782550066862645   
   12.2187500000000       1.165770985878238E-003	12.2188   0.0011657533723620079073   
   12.2500000000000       1.162213368964489E-003	12.25   0.0011621353447390340538   
   12.2812500000000       1.158662250156345E-003	12.2813   0.0011585241836081985473   
   12.3125000000000       1.155117641822195E-003	12.3125   0.0011549199001736355476   
   12.3437500000000       1.151579556071915E-003	12.3438   0.0011513225053773961069   
   12.3750000000000       1.148048004760971E-003	12.375   0.0011477320099035915325   
   12.4062500000000       1.144522999493982E-003	12.4063   0.0011441484241824644656   
   12.4375000000000       1.141004551628655E-003	12.4375   0.0011405717583943886079   
   12.4687500000000       1.137492672279605E-003	12.4688   0.0011370020224737980242   
   12.5000000000000       1.133987372321810E-003	12.5   0.0011334392261130469476   
   12.5312500000000       1.130488662394249E-003	12.5313   0.0011298833787662010135   
   12.5625000000000       1.126996552903526E-003	12.5625   0.0011263344896527608436   
   12.5937500000000       1.123511054027281E-003	12.5938   0.0011227925677613188997   
   12.6250000000000       1.120032175717543E-003	12.625   0.0011192576218531505239   
   12.6562500000000       1.116559927704167E-003	12.6563   0.0011157296604657400773   
   12.6875000000000       1.113094319498057E-003	12.6875   0.0011122086919162430867   
   12.7187500000000       1.109635360394419E-003	12.7188   0.0011086947243048853040   
   12.7500000000000       1.106183059476038E-003	12.75   0.0011051877655182995775   
   12.7812500000000       1.102737425616162E-003	12.7813   0.0011016878232328014325   
   12.8125000000000       1.099298467481753E-003	12.8125   0.0010981949049176042516   
   12.8437500000000       1.095866193536441E-003	12.8438   0.0010947090178379749385   
   12.8750000000000       1.092440612043499E-003	12.875   0.0010912301690583309483   
   12.9062500000000       1.089021731068707E-003	12.9063   0.0010877583654452795572   
   12.9375000000000       1.085609558483164E-003	12.9375   0.0010842936136706002407   
   12.9687500000000       1.082204101966221E-003	12.9688   0.0010808359202141710235   
   13.0000000000000       1.078805369008034E-003	13.   0.0010773852913668396582   
   13.0312500000000       1.075413366912486E-003	13.0313   0.0010739417332332404818   
   13.0625000000000       1.072028102799609E-003	13.0625   0.0010705052517345577960   
   13.0937500000000       1.068649583608312E-003	13.0938   0.0010670758526112366061   
   13.1250000000000       1.065277816098945E-003	13.125   0.0010636535414256415513   
   13.1562500000000       1.061912806855703E-003	13.1563   0.0010602383235646648484   
   13.1875000000000       1.058554562289136E-003	13.1875   0.0010568302042422840658   
   13.2187500000000       1.055203088638598E-003	13.2188   0.0010534291885020705374   
   13.2500000000000       1.051858391974478E-003	13.25   0.0010500352812196492187   
   13.2812500000000       1.048520478200688E-003	13.2813   0.0010466484871051107781   
   13.3125000000000       1.045189353056909E-003	13.3125   0.0010432688107053767136   
   13.3437500000000       1.041865022120648E-003	13.3438   0.0010398962564065182716   
   13.3750000000000       1.038547490809696E-003	13.375   0.0010365308284360299419   
   13.4062500000000       1.035236764384010E-003	13.4063   0.0010331725308650582923   
   13.4375000000000       1.031932847948077E-003	13.4375   0.0010298213676105868996   
   13.4687500000000       1.028635746452778E-003	13.4688   0.0010264773424375781259   
   13.5000000000000       1.025345464697541E-003	13.5   0.0010231404589610724814   
   13.5312500000000       1.022062007332270E-003	13.5313   0.0010198107206482463057   
   13.5625000000000       1.018785378859357E-003	13.5625   0.0010164881308204284940   
   13.5937500000000       1.015515583635495E-003	13.5938   0.0010131726926550769838   
   13.6250000000000       1.012252625873695E-003	13.625   0.0010098644091877157129   
   13.6562500000000       1.008996509644966E-003	13.6563   0.0010065632833138327472   
   13.6875000000000       1.005747238880263E-003	13.6875   0.0010032693177907402741   
   13.7187500000000       1.002504817372190E-003	13.7188   0.00099998251523939714396   
   13.7500000000000       9.992692487767916E-004	13.75   0.00099670287814619463726   
   13.7812500000000       9.960405366151366E-004	13.7813   0.00099343040886470612637   
   13.8125000000000       9.928186842750703E-004	13.8125   0.00099016510961740129179   
   13.8437500000000       9.896036950129295E-004	13.8438   0.00098690698249732554567   
   13.8750000000000       9.863955719549972E-004	13.875   0.00098365602946974530676   
   13.9062500000000       9.831943180991138E-004	13.9063   0.00098041225237375976298   
   13.9375000000000       9.799999363163058E-004	13.9375   0.00097717565292387974981   
   13.9687500000000       9.768124293522409E-004	13.9688   0.00097394623271157436447   
   14.0000000000000       9.736317998286609E-004	14.   0.00097072399320678592800   
   14.0312500000000       9.704580502448842E-004	14.0313   0.00096750893575941389910   
   14.0625000000000       9.672911829792788E-004	14.0625   0.00096430106160076833582   
   14.0937500000000       9.641312002905888E-004	14.0938   0.00096110037184499349313   
   14.1250000000000       9.609781043192969E-004	14.125   0.00095790686749046213635   
   14.1562500000000       9.578318970890444E-004	14.1563   0.00095472054942114114263   
   14.1875000000000       9.546925805078176E-004	14.1875   0.00095154141840792895487   
   14.2187500000000       9.515601563693755E-004	14.2188   0.00094836947510996544441   
   14.2500000000000       9.484346263544255E-004	14.25   0.00094520472007591473120   
   14.2812500000000       9.453159920319242E-004	14.2813   0.00094204715374522150235   
   14.3125000000000       9.422042548601469E-004	14.3125   0.00093889677644934136229   
   14.3437500000000       9.390994161881370E-004	14.3438   0.00093575358841294573994   
   14.3750000000000       9.360014772565929E-004	14.375   0.00093261758975510187094   
   14.4062500000000       9.329104391991709E-004	14.4063   0.00092948878049042836521   
   14.4375000000000       9.298263030436295E-004	14.4375   0.00092636716053022686260   
   14.4687500000000       9.267490697127595E-004	14.4688   0.00092325272968359027212   
   14.5000000000000       9.236787400256701E-004	14.5   0.00092014548765848808251   
   14.5312500000000       9.206153146986701E-004	14.5313   0.00091704543406282922488   
   14.5625000000000       9.175587943464308E-004	14.5625   0.00091395256840550296064   
   14.5937500000000       9.145091794828891E-004	14.5938   0.00091086689009739826063   
   14.6250000000000       9.114664705223364E-004	14.625   0.00090778839845240213454   
   14.6562500000000       9.084306677803039E-004	14.6563   0.00090471709268837736207   
   14.6875000000000       9.054017714746024E-004	14.6875   0.00090165297192812007068   
   14.7187500000000       9.023797817261935E-004	14.7188   0.00089859603520029759744   
   14.7500000000000       8.993646985601236E-004	14.75   0.00089554628144036706572   
   14.7812500000000       8.963565219064472E-004	14.7813   0.00089250370949147510058   
   14.8125000000000       8.933552516010777E-004	14.8125   0.00088946831810533909974   
   14.8437500000000       8.903608873866536E-004	14.8438   0.00088644010594311047053   
   14.8750000000000       8.873734289134323E-004	14.875   0.00088341907157622023620   
   14.9062500000000       8.843928757400123E-004	14.9063   0.00088040521348720740873   
   14.9375000000000       8.814192273342807E-004	14.9375   0.00087739853007053051830   
   14.9687500000000       8.784524830741218E-004	14.9688   0.00087439901963336268344   
   15.0000000000000       8.754926422482159E-004	15.   0.00087140668039637059927   
   15.0312500000000       8.725397040568552E-004	15.0313   0.00086842151049447781500   
   15.0625000000000       8.695936676126097E-004	15.0625   0.00086544350797761266535   
   15.0937500000000       8.666545319411193E-004	15.0938   0.00086247267081144121465   
   15.1250000000000       8.637222959818380E-004	15.125   0.00085950899687808556594   
   15.1562500000000       8.607969585887133E-004	15.1563   0.00085655248397682788145   
   15.1875000000000       8.578785185308879E-004	15.1875   0.00085360312982480045481   
   15.2187500000000       8.549669744933605E-004	15.2188   0.00085066093205766216930   
   15.2500000000000       8.520623250777084E-004	15.25   0.00084772588823026167069   
   15.2812500000000       8.491645688026951E-004	15.2813   0.00084479799581728757737   
   15.3125000000000       8.462737041049522E-004	15.3125   0.00084187725221390604454   
   15.3437500000000       8.433897293395836E-004	15.3438   0.00083896365473638599398   
   15.3750000000000       8.405126427808353E-004	15.375   0.00083605720062271231475   
   15.4062500000000       8.376424426226265E-004	15.4063   0.00083315788703318733511   
   15.4375000000000       8.347791269792603E-004	15.4375   0.00083026571105102086023   
   15.4687500000000       8.319226938858556E-004	15.4688   0.00082738066968290906484   
   15.5000000000000       8.290731412991137E-004	15.5   0.00082450275985960252483   
   15.5312500000000       8.262304670977227E-004	15.5313   0.00082163197843646366622   
   15.5625000000000       8.233946690830460E-004	15.5625   0.00081876832219401390507   
   15.5937500000000       8.205657449795539E-004	15.5938   0.00081591178783847074645   
   15.6250000000000       8.177436924354071E-004	15.625   0.00081306237200227510575   
   15.6562500000000       8.149285090230656E-004	15.6563   0.00081022007124460911042   
   15.6875000000000       8.121201922396602E-004	15.6875   0.00080738488205190463545   
   15.7187500000000       8.093187395076172E-004	15.7188   0.00080455680083834282092   
   15.7500000000000       8.065241481751037E-004	15.75   0.00080173582394634481517   
   15.7812500000000       8.037364155165723E-004	15.7813   0.00079892194764705398235   
   15.8125000000000       8.009555387331766E-004	15.8125   0.00079611516814080980861   
   15.8437500000000       7.981815149533376E-004	15.8438   0.00079331548155761373631   
   15.8750000000000       7.954143412330760E-004	15.875   0.00079052288395758715121   
   15.9062500000000       7.926540145566722E-004	15.9063   0.00078773737133142174326   
   15.9375000000000       7.899005318369177E-004	15.9375   0.00078495893960082245682   
   15.9687500000000       7.871538899157244E-004	15.9688   0.00078218758461894324214   
   16.0000000000000       7.844140855644430E-004	16.   0.00077942330217081581547   
   16.0312500000000       7.816811154843798E-004	16.0313   0.00077666608797377163088   
   16.0625000000000       7.789549763072091E-004	16.0625   0.00077391593767785726270   
   16.0937500000000       7.762356645953262E-004	16.0938   0.00077117284686624339364   
   16.1250000000000       7.735231768423780E-004	16.125   0.00076843681105562759913   
   16.1562500000000       7.708175094735692E-004	16.1563   0.00076570782569663111477   
   16.1875000000000       7.681186588461296E-004	16.1875   0.00076298588617418976982   
   16.2187500000000       7.654266212496736E-004	16.2188   0.00076027098780793926548   
   16.2500000000000       7.627413929066362E-004	16.25   0.00075756312585259497336   
   16.2812500000000       7.600629699725807E-004	16.2813   0.00075486229549832642532   
   16.3125000000000       7.573913485366385E-004	16.3125   0.00075216849187112666246   
   16.3437500000000       7.547265246219331E-004	16.3438   0.00074948171003317660722   
   16.3750000000000       7.520684941858118E-004	16.375   0.00074680194498320461910   
   16.4062500000000       7.494172531203720E-004	16.4063   0.00074412919165684139078   
   16.4375000000000       7.467727972526950E-004	16.4375   0.00074146344492697033813   
   16.4687500000000       7.441351223452595E-004	16.4688   0.00073880469960407363404   
   16.5000000000000       7.415042240963063E-004	16.5   0.00073615295043657403265   
   16.5312500000000       7.388800981401631E-004	16.5313   0.00073350819211117262738   
   16.5625000000000       7.362627400475626E-004	16.5625   0.00073087041925318268255   
   16.5937500000000       7.336521453260895E-004	16.5938   0.00072823962642685967558   
   16.6250000000000       7.310483094204022E-004	16.625   0.00072561580813572768331   
   16.6562500000000       7.284512277126250E-004	16.6563   0.00072299895882290224288   
   16.6875000000000       7.258608955226114E-004	16.6875   0.00072038907287140981479   
   16.7187500000000       7.232773081084020E-004	16.7188   0.00071778614460450397238   
   16.7500000000000       7.207004606664400E-004	16.75   0.00071519016828597843934   
   16.7812500000000       7.181303483318935E-004	16.7813   0.00071260113812047709374   
   16.8125000000000       7.155669661790305E-004	16.8125   0.00071001904825380105422   
   16.8437500000000       7.130103092214898E-004	16.8438   0.00070744389277321296135   
   16.8750000000000       7.104603724126225E-004	16.875   0.00070487566570773856407   
   16.9062500000000       7.079171506457602E-004	16.9063   0.00070231436102846571877   
   16.9375000000000       7.053806387545522E-004	16.9375   0.00069975997264884090550   
   16.9687500000000       7.028508315132920E-004	16.9688   0.00069721249442496336359   
   17.0000000000000       7.003277236371216E-004	17.   0.00069467192015587694594   
   17.0312500000000       6.978113097824862E-004	17.0313   0.00069213824358385978905   
   17.0625000000000       6.953015845472605E-004	17.0625   0.00068961145839471189321   
   17.0937500000000       6.927985424711620E-004	17.0938   0.00068709155821804070472   
   17.1250000000000       6.903021780360214E-004	17.125   0.00068457853662754478981   
   17.1562500000000       6.878124856660137E-004	17.1563   0.00068207238714129568741   
   17.1875000000000       6.853294597280119E-004	17.1875   0.00067957310322201802564   
   17.2187500000000       6.828530945319046E-004	17.2188   0.00067708067827736798460   
   17.2500000000000       6.803833843307179E-004	17.25   0.00067459510566021018576   
   17.2812500000000       6.779203233211214E-004	17.2813   0.00067211637866889308611   
   17.3125000000000       6.754639056435123E-004	17.3125   0.00066964449054752295305   
   17.3437500000000       6.730141253824090E-004	17.3438   0.00066717943448623649379   
   17.3750000000000       6.705709765667364E-004	17.375   0.00066472120362147221105   
   17.4062500000000       6.681344531700425E-004	17.4063   0.00066226979103624055475   
   17.4375000000000       6.657045491107929E-004	17.4375   0.00065982518976039293741   
   17.4687500000000       6.632812582526640E-004	17.4688   0.00065738739277088967882   
   17.5000000000000       6.608645744047954E-004	17.5   0.00065495639299206694401   
   17.5312500000000       6.584544913220925E-004	17.5313   0.00065253218329590273617   
   17.5625000000000       6.560510027054693E-004	17.5625   0.00065011475650228200462   
   17.5937500000000       6.536541022021219E-004	17.5938   0.00064770410537926092599   
   17.6250000000000       6.512637834058139E-004	17.625   0.00064530022264333041499   
   17.6562500000000       6.488800398571318E-004	17.6563   0.00064290310095967891944   
   17.6875000000000       6.465028650437687E-004	17.6875   0.00064051273294245455237   
   17.7187500000000       6.441322524007528E-004	17.7188   0.00063812911115502661239   
   17.7500000000000       6.417681953107702E-004	17.75   0.00063575222811024654203   
   17.7812500000000       6.394106871043815E-004	17.7813   0.00063338207627070837170   
   17.8125000000000       6.370597210603202E-004	17.8125   0.00063101864804900869583   
   17.8437500000000       6.347152904057307E-004	17.8438   0.00062866193580800622575   
   17.8750000000000       6.323773883164500E-004	17.875   0.00062631193186108096267   
   17.9062500000000       6.300460079172644E-004	17.9063   0.00062396862847239303237   
   17.9375000000000       6.277211422821720E-004	17.9375   0.00062163201785714122190   
   17.9687500000000       6.254027844346620E-004	17.9688   0.00061930209218182125705   
   18.0000000000000       6.230909273479526E-004	18.   0.00061697884356448385797   
   18.0312500000000       6.207855639452488E-004	18.0313   0.00061466226407499260900   
   18.0625000000000       6.184866871000311E-004	18.0625   0.00061235234573528167725   
   18.0937500000000       6.161942896363085E-004	18.0938   0.00061004908051961341332   
   18.1250000000000       6.139083643288478E-004	18.125   0.00060775246035483586614   
   18.1562500000000       6.116289039035001E-004	18.1563   0.00060546247712064024265   
   18.1875000000000       6.093559010373784E-004	18.1875   0.00060317912264981834182   
   18.2187500000000       6.070893483592063E-004	18.2188   0.00060090238872851999137   
   18.2500000000000       6.048292384494803E-004	18.25   0.00059863226709651051404   
   18.2812500000000       6.025755638408274E-004	18.2813   0.00059636874944742824955   
   18.3125000000000       6.003283170182039E-004	18.3125   0.00059411182742904215692   
   18.3437500000000       5.980874904191819E-004	18.3438   0.00059186149264350952070   
   18.3750000000000       5.958530764341730E-004	18.375   0.00058961773664763378380   
   18.4062500000000       5.936250674067560E-004	18.4063   0.00058738055095312252836   
   18.4375000000000       5.914034556338401E-004	18.4375   0.00058514992702684562498   
   18.4687500000000       5.891882333660425E-004	18.4688   0.00058292585629109356988   
   18.5000000000000       5.869793928078563E-004	18.5   0.00058070833012383602824   
   18.5312500000000       5.847769261179325E-004	18.5313   0.00057849733985898060124   
   18.5625000000000       5.825808254093771E-004	18.5625   0.00057629287678663183330   
   18.5937500000000       5.803910827499629E-004	18.5938   0.00057409493215335047489   
   18.6250000000000       5.782076901624059E-004	18.625   0.00057190349716241301569   
   18.6562500000000       5.760306396246605E-004	18.6563   0.00056971856297407150181   
   18.6875000000000       5.738599230701188E-004	18.6875   0.00056754012070581364984   
   18.7187500000000       5.716955323879307E-004	18.7188   0.00056536816143262326979   
   18.7500000000000       5.695374594232180E-004	18.75   0.00056320267618724100815   
   18.7812500000000       5.673856959773889E-004	18.7813   0.00056104365596042542134   
   18.8125000000000       5.652402338083356E-004	18.8125   0.00055889109170121438919   
   18.8437500000000       5.631010646307268E-004	18.8438   0.00055674497431718687720   
   18.8750000000000       5.609681801163193E-004	18.875   0.00055460529467472505571   
   18.9062500000000       5.588415718941056E-004	18.9063   0.00055247204359927678325   
   18.9375000000000       5.567212315506890E-004	18.9375   0.00055034521187561846059   
   18.9687500000000       5.546071506305021E-004	18.9688   0.00054822479024811826156   
   19.0000000000000       5.524993206360560E-004	19.   0.00054611076942099974572   
   19.0312500000000       5.503977330282178E-004	19.0313   0.00054400314005860585747   
   19.0625000000000       5.483023792264742E-004	19.0625   0.00054190189278566331558   
   19.0937500000000       5.462132506092146E-004	19.0938   0.00053980701818754739626   
   19.1250000000000       5.441303385139508E-004	19.125   0.00053771850681054711265   
   19.1562500000000       5.420536342376287E-004	19.1563   0.00053563634916213079258   
   19.1875000000000       5.399831290368569E-004	19.1875   0.00053356053571121205624   
   19.2187500000000       5.379188141282064E-004	19.2188   0.00053149105688841619466   
   19.2500000000000       5.358606806884373E-004	19.25   0.00052942790308634694921   
   19.2812500000000       5.338087198547984E-004	19.2813   0.00052737106465985369226   
   19.3125000000000       5.317629227252800E-004	19.3125   0.00052532053192629900797   
   19.3437500000000       5.297232803588788E-004	19.3438   0.00052327629516582667231   
   19.3750000000000       5.276897837758658E-004	19.375   0.00052123834462163003036   
   19.4062500000000       5.256624239580563E-004	19.4063   0.00051920667050022076904   
   19.4375000000000       5.236411918490765E-004	19.4375   0.00051718126297169808225   
   19.4687500000000       5.216260783546298E-004	19.4688   0.00051516211217001822576   
   19.5000000000000       5.196170743427653E-004	19.5   0.00051314920819326445797   
   19.5312500000000       5.176141706441440E-004	19.5313   0.00051114254110391736289   
   19.5625000000000       5.156173580523267E-004	19.5625   0.00050914210092912555070   
   19.5937500000000       5.136266273240091E-004	19.5938   0.00050714787766097673147   
   19.6250000000000       5.116419691793137E-004	19.625   0.00050515986125676915660   
   19.6562500000000       5.096633743020684E-004	19.6563   0.00050317804163928342265   
   19.6875000000000       5.076908333400285E-004	19.6875   0.00050120240869705463157   
   19.7187500000000       5.057243369052351E-004	19.7188   0.00049923295228464490128   
   19.7500000000000       5.037638755741747E-004	19.75   0.00049726966222291621974   
   19.7812500000000       5.018094398881508E-004	19.7813   0.00049531252829930363596   
   19.8125000000000       4.998610203534946E-004	19.8125   0.00049336154026808878045   
   19.8437500000000       4.979186074418518E-004	19.8438   0.00049141668785067370774   
   19.8750000000000       4.959821915904589E-004	19.875   0.00048947796073585505312   
   19.9062500000000       4.940517632024101E-004	19.9063   0.00048754534858009849551   
   19.9375000000000       4.921273126469326E-004	19.9375   0.00048561884100781351805   
   19.9687500000000       4.902088302596625E-004	19.9688   0.00048369842761162845777   
   20.0000000000000       4.882963063429089E-004	20.   0.00048178409795266583551   
